# (24,)
-6.250000000000000000e-02
-1.562500000000000000e-02
-2.500000000000000000e-01
-1.953125000000000000e-01
-8.593750000000000000e-02
-7.812500000000000000e-03
-1.796875000000000000e-01
7.812500000000000000e-03
-2.578125000000000000e-01
5.468750000000000000e-02
3.125000000000000000e-02
3.906250000000000000e-02
-2.656250000000000000e-01
-6.250000000000000000e-02
1.562500000000000000e-02
-7.031250000000000000e-02
-1.562500000000000000e-01
-1.562500000000000000e-02
-1.250000000000000000e-01
-7.031250000000000000e-02
-1.406250000000000000e-01
1.562500000000000000e-02
5.468750000000000000e-02
3.906250000000000000e-02
