# (32,)
-2.343750000000000000e-02
3.906250000000000000e-02
-2.929687500000000000e-02
4.296875000000000000e-02
1.328125000000000000e-01
-5.468750000000000000e-02
2.148437500000000000e-02
-5.859375000000000000e-03
0.000000000000000000e+00
7.226562500000000000e-02
3.125000000000000000e-02
1.562500000000000000e-02
7.031250000000000000e-02
1.152343750000000000e-01
3.320312500000000000e-02
5.273437500000000000e-02
4.101562500000000000e-02
9.960937500000000000e-02
7.226562500000000000e-02
-7.812500000000000000e-03
-1.171875000000000000e-02
-5.859375000000000000e-03
9.765625000000000000e-03
9.570312500000000000e-02
-9.765625000000000000e-03
-6.835937500000000000e-02
5.859375000000000000e-02
-3.906250000000000000e-03
6.640625000000000000e-02
1.015625000000000000e-01
2.343750000000000000e-02
4.101562500000000000e-02
