# (5, 5, 1, 16)
9.103233367204666138e-02
1.562817692756652832e-01
4.533044993877410889e-02
1.375281363725662231e-01
-6.313568353652954102e-02
-3.255582973361015320e-02
8.069539815187454224e-02
-1.159126460552215576e-01
-1.039785146713256836e-01
-5.414925143122673035e-02
-8.405794203281402588e-02
9.139478951692581177e-02
-4.148445278406143188e-02
7.485423237085342407e-02
-2.464556600898504257e-03
-3.537949547171592712e-02
-8.648074418306350708e-02
1.535060554742813110e-01
-1.226566359400749207e-02
1.213148236274719238e-01
-1.945689022541046143e-01
-4.550453275442123413e-03
-5.249319598078727722e-02
1.175923943519592285e-01
1.272587478160858154e-01
-1.862173527479171753e-01
-1.258400380611419678e-01
-6.666941940784454346e-02
8.273197710514068604e-02
-7.600060105323791504e-02
-3.274905728176236153e-03
-2.793934345245361328e-01
-4.889986291527748108e-02
2.533010542392730713e-01
-2.087043672800064087e-01
1.233485117554664612e-01
4.687860980629920959e-02
-1.736371368169784546e-01
1.960846036672592163e-01
-6.620393693447113037e-02
2.261569648981094360e-01
-2.867606580257415771e-01
-4.075043275952339172e-02
1.211412325501441956e-01
-4.264352470636367798e-02
-1.190818566828966141e-02
5.459008365869522095e-02
-3.841801881790161133e-01
3.518544510006904602e-02
4.300446063280105591e-02
-2.610459923744201660e-01
7.135169953107833862e-02
1.186959892511367798e-01
-4.388689622282981873e-02
-1.043389886617660522e-01
-1.089310050010681152e-01
1.845156550407409668e-01
-3.210670948028564453e-01
4.070078022778034210e-03
1.517281681299209595e-01
5.341348797082901001e-02
8.076494187116622925e-02
-1.303379237651824951e-01
-2.995625734329223633e-01
-1.267820037901401520e-02
1.590091437101364136e-01
-3.899176791310310364e-02
-5.654432997107505798e-02
-7.973965257406234741e-02
-6.823124736547470093e-02
-1.464138645678758621e-02
-2.986404672265052795e-02
-1.543013099581003189e-02
-2.794297635555267334e-01
2.427611500024795532e-02
1.561706364154815674e-01
1.101793535053730011e-02
-7.573068141937255859e-02
5.211770907044410706e-02
1.447172462940216064e-01
-9.484763443470001221e-02
7.707732915878295898e-02
-2.927023731172084808e-02
-1.006080731749534607e-01
-2.194936424493789673e-01
1.495506018400192261e-01
-7.434909697622060776e-03
8.918277919292449951e-02
-1.322766542434692383e-01
6.330287456512451172e-02
-1.732514202594757080e-01
1.680799722671508789e-01
1.056701838970184326e-01
-4.201561957597732544e-02
1.520451456308364868e-01
9.528987109661102295e-02
-1.482057422399520874e-01
-6.084300577640533447e-03
4.870280250906944275e-02
7.646458595991134644e-02
-6.016757711768150330e-02
-3.020857274532318115e-02
1.085103228688240051e-01
1.742159873247146606e-01
-1.287744045257568359e-01
9.716998785734176636e-02
-2.042606472969055176e-01
1.778527647256851196e-01
3.561979858204722404e-03
-1.456614490598440170e-02
9.036162868142127991e-03
3.789614886045455933e-02
-1.544501781463623047e-01
1.396905332803726196e-01
8.393582887947559357e-03
1.072526201605796814e-01
3.427043557167053223e-02
-3.029280528426170349e-02
8.748248219490051270e-02
4.509919136762619019e-02
3.418933972716331482e-02
7.607345283031463623e-02
5.187915638089179993e-02
2.161092758178710938e-01
-4.956589266657829285e-02
-4.750932008028030396e-02
-1.028178781270980835e-01
-3.097124099731445312e-01
2.084086649119853973e-02
1.593674123287200928e-01
-3.793602883815765381e-01
-4.878369159996509552e-03
1.403360813856124878e-01
1.296350508928298950e-01
-9.086687862873077393e-02
-2.438632957637310028e-02
1.947025060653686523e-01
-3.965020552277565002e-02
2.150176651775836945e-02
2.145445495843887329e-01
-3.146241605281829834e-02
-3.141061961650848389e-02
-1.461556851863861084e-01
-3.512506783008575439e-01
2.238610684871673584e-01
8.800002932548522949e-02
-2.865713238716125488e-01
-1.225722134113311768e-01
4.918966814875602722e-02
1.684286147356033325e-01
-2.397460341453552246e-01
1.989216916263103485e-02
2.354477532207965851e-02
6.074884906411170959e-02
1.494491752237081528e-02
1.648764014244079590e-01
1.131638363003730774e-01
1.779740676283836365e-02
-5.958305299282073975e-02
-1.453849077224731445e-01
-1.812909543514251709e-01
-4.372888244688510895e-03
6.920993328094482422e-02
-1.813015490770339966e-01
-1.990966349840164185e-01
2.060420066118240356e-01
1.103972718119621277e-01
7.071153074502944946e-02
-1.474004238843917847e-01
1.198543831706047058e-01
-1.207335442304611206e-01
6.556625664234161377e-02
-1.230171993374824524e-01
1.351755261421203613e-01
2.397463284432888031e-02
1.798892468214035034e-01
-2.183199822902679443e-01
-1.235312819480895996e-01
2.360039204359054565e-01
6.542237848043441772e-02
-6.828298419713973999e-02
-7.698435336351394653e-02
1.860868185758590698e-01
1.455012708902359009e-01
-1.266770660877227783e-01
1.097048223018646240e-01
-1.606398671865463257e-01
2.006200514733791351e-02
7.814791798591613770e-02
1.682236045598983765e-01
1.076241582632064819e-01
2.706566452980041504e-01
1.461881399154663086e-02
3.531587123870849609e-02
2.988345623016357422e-01
1.042137891054153442e-01
1.963097304105758667e-01
-1.583860814571380615e-01
5.128831416368484497e-02
-3.510350361466407776e-02
2.610805630683898926e-02
1.991559267044067383e-01
-3.001264110207557678e-02
-3.950724750757217407e-02
1.051168367266654968e-01
1.492888629436492920e-01
-7.147935032844543457e-02
-1.018315553665161133e-01
1.966425776481628418e-01
8.613441139459609985e-03
-3.533485531806945801e-02
1.876642853021621704e-01
2.368158847093582153e-02
7.014495879411697388e-02
-1.792797595262527466e-01
-2.614447847008705139e-02
9.579367935657501221e-02
9.882213547825813293e-03
8.830231428146362305e-02
-4.085222259163856506e-02
1.243871822953224182e-01
1.550129950046539307e-01
-2.232410609722137451e-01
-2.870157361030578613e-01
8.983486890792846680e-02
1.021520495414733887e-01
-1.406746655702590942e-01
1.655522137880325317e-01
3.137860819697380066e-02
3.369596321135759354e-03
-8.514422923326492310e-02
-2.542015910148620605e-01
1.972411274909973145e-01
1.707624346017837524e-01
1.276808977127075195e-01
1.430287808179855347e-01
9.224716573953628540e-03
8.350642025470733643e-02
-1.445610821247100830e-01
-3.197164535522460938e-01
-2.089846283197402954e-01
-9.620896726846694946e-02
7.065002340823411942e-03
-7.973622530698776245e-02
-2.239981852471828461e-02
5.901683494448661804e-02
1.391872763633728027e-01
-1.447080224752426147e-01
-1.122977733612060547e-01
-4.923374205827713013e-02
-1.138077974319458008e-01
-1.807670295238494873e-01
-8.938527852296829224e-02
4.973887279629707336e-02
1.529918313026428223e-01
1.037712693214416504e-01
-9.211496263742446899e-02
-8.774753659963607788e-02
1.991028487682342529e-01
6.222358788363635540e-04
1.014686189591884613e-02
2.170489169657230377e-02
-2.654825523495674133e-02
2.290497161448001862e-02
-1.104815304279327393e-01
4.949175938963890076e-02
-2.513979095965623856e-03
-1.631885915994644165e-01
7.852540910243988037e-02
5.316777527332305908e-02
1.216740608215332031e-01
2.098938673734664917e-01
8.106426894664764404e-02
-1.757643222808837891e-01
1.433578878641128540e-01
1.052823588252067566e-01
1.734337359666824341e-01
-2.161875814199447632e-01
-1.177682206034660339e-01
1.487405747175216675e-01
-7.419554144144058228e-02
1.507789492607116699e-01
-7.143055554479360580e-03
-1.477374881505966187e-01
1.660187244415283203e-01
6.386468559503555298e-02
-6.640666723251342773e-02
4.594299197196960449e-02
2.189972102642059326e-01
-1.740289330482482910e-01
2.633560895919799805e-01
2.534244768321514130e-02
1.030571162700653076e-01
-2.184837907552719116e-01
-1.283511668443679810e-01
1.329654902219772339e-01
1.713684797286987305e-01
1.889607906341552734e-01
2.196373641490936279e-01
-1.572944670915603638e-01
1.557159125804901123e-01
8.770751953125000000e-02
-7.945293188095092773e-02
-2.802202999591827393e-01
1.223277449607849121e-01
-1.566261649131774902e-01
1.175447404384613037e-01
1.357575953006744385e-01
-9.484586305916309357e-03
-8.870917558670043945e-02
-1.332078129053115845e-01
-7.787688076496124268e-02
4.177113994956016541e-02
1.329884380102157593e-01
6.647039949893951416e-02
6.464999914169311523e-02
-1.162265539169311523e-01
-9.912401437759399414e-02
-1.206212714314460754e-01
-2.420507818460464478e-01
-2.016535699367523193e-01
-1.443204283714294434e-01
-1.922894120216369629e-01
-2.806631028652191162e-01
5.018075183033943176e-02
1.426779627799987793e-01
1.568794697523117065e-01
-1.919942945241928101e-01
-1.894704997539520264e-01
5.299733579158782959e-02
-7.349219173192977905e-02
-2.381669431924819946e-01
1.486319899559020996e-01
1.179053708910942078e-01
7.753666490316390991e-02
2.476183623075485229e-01
1.026368960738182068e-01
-2.221972495317459106e-01
2.893844246864318848e-02
-2.592261731624603271e-01
7.767779380083084106e-02
1.095267459750175476e-01
1.453081369400024414e-01
-1.315767914056777954e-01
-5.927377566695213318e-02
-7.572215050458908081e-02
8.964941650629043579e-02
-2.777875363826751709e-01
2.504070289433002472e-02
-6.648943573236465454e-02
2.803445160388946533e-01
2.069166600704193115e-01
1.314810365438461304e-01
-1.439163684844970703e-01
1.032591834664344788e-01
-2.544375061988830566e-01
6.037973985075950623e-02
6.996490806341171265e-02
-6.962634623050689697e-02
2.594060264527797699e-02
4.521375522017478943e-02
5.977786332368850708e-02
1.470160335302352905e-01
-1.160184815526008606e-01
3.385580331087112427e-02
6.571652740240097046e-02
1.115741655230522156e-01
3.672158345580101013e-02
1.832748651504516602e-01
-2.839397639036178589e-02
8.654854446649551392e-02
-1.588084995746612549e-01
8.932539075613021851e-02
7.366169989109039307e-02
1.977209746837615967e-02
1.668214946985244751e-01
5.173121765255928040e-02
-9.079495817422866821e-02
1.696098297834396362e-01
-1.171422302722930908e-01
8.537045121192932129e-02
-1.399882435798645020e-01
1.046916171908378601e-01
-7.900140434503555298e-02
-6.213247776031494141e-02
-9.376014024019241333e-02
9.334376454353332520e-02
-1.491920351982116699e-01
-1.193672046065330505e-01
-3.583395481109619141e-02
3.213781863451004028e-02
9.580721706151962280e-02
1.551686823368072510e-01
9.730494581162929535e-03
2.611960843205451965e-02
-7.524047046899795532e-02
-2.884589135646820068e-02
-1.786575913429260254e-01
4.086586413905024529e-04
-1.431121081113815308e-01
