# (64,)
9.414511732757091522e-03
4.685017839074134827e-02
-6.281027104705572128e-03
3.181855008006095886e-02
4.147084429860115051e-02
6.336820777505636215e-03
2.387051656842231750e-02
-6.413684692233800888e-03
1.332158967852592468e-02
-2.299461141228675842e-02
-3.281391039490699768e-02
3.099279105663299561e-02
1.916216127574443817e-02
3.664014860987663269e-02
1.688252016901969910e-02
-3.644840046763420105e-02
-1.362302713096141815e-02
1.816856674849987030e-02
1.438844576478004456e-02
9.672307409346103668e-03
-3.908858448266983032e-02
-3.263213485479354858e-02
2.463561482727527618e-03
2.211211435496807098e-02
-2.675178460776805878e-02
2.179796621203422546e-02
-4.834015271626412868e-04
-2.845280396286398172e-04
-2.054086513817310333e-02
1.660616882145404816e-02
4.702082369476556778e-03
1.894602552056312561e-02
-3.675188124179840088e-02
-1.001700852066278458e-02
4.329871758818626404e-02
1.052786409854888916e-02
2.213551849126815796e-02
-3.145527839660644531e-02
-1.488469657488167286e-03
6.126753054559230804e-03
-2.634798362851142883e-02
1.619293913245201111e-02
3.019601479172706604e-02
-3.158035501837730408e-02
1.559266075491905212e-02
2.066030167043209076e-02
-1.144385244697332382e-02
-1.455404609441757202e-02
-2.123624086380004883e-02
2.496035210788249969e-02
-3.333268687129020691e-02
9.666556492447853088e-03
6.591458804905414581e-03
-2.683228580281138420e-03
8.019494824111461639e-03
-1.003160886466503143e-02
-5.505474749952554703e-03
-9.981210343539714813e-03
7.594918366521596909e-03
7.727472111582756042e-03
6.513614789582788944e-04
-3.843693062663078308e-02
3.118452848866581917e-03
1.224707695655524731e-03
