# (32, 10)
2.951036393642425537e-01
-1.815988272428512573e-01
-5.687693879008293152e-02
2.910698354244232178e-01
-2.729597389698028564e-01
-2.235874533653259277e-01
-4.103667140007019043e-01
-4.917207360267639160e-02
-9.562531113624572754e-02
4.912165179848670959e-02
-3.219878673553466797e-01
-1.930834352970123291e-01
-4.273547530174255371e-01
3.026401698589324951e-01
-5.083879232406616211e-01
3.206861913204193115e-01
-2.387222833931446075e-02
-3.337326273322105408e-02
4.517858847975730896e-03
-2.296563051640987396e-02
-3.019498884677886963e-01
3.178843557834625244e-01
-8.841284364461898804e-02
-3.128111660480499268e-01
2.091012597084045410e-01
3.946904838085174561e-01
7.283505797386169434e-02
3.077405989170074463e-01
1.793228788301348686e-03
-3.258121907711029053e-01
2.866432070732116699e-01
4.172336682677268982e-02
2.485888302326202393e-01
-6.846458464860916138e-02
-2.184900790452957153e-01
3.217586576938629150e-01
3.685432672500610352e-02
1.617008298635482788e-01
1.838765144348144531e-01
-3.544943928718566895e-01
2.932504713535308838e-01
-4.162163138389587402e-01
1.622496694326400757e-01
-1.274190247058868408e-01
-3.680672645568847656e-01
-2.913440465927124023e-01
2.103107869625091553e-01
1.693837791681289673e-01
-3.795383870601654053e-01
-5.268653482198715210e-02
-2.424006909132003784e-01
2.902820110321044922e-01
-2.669510245323181152e-01
3.363710045814514160e-01
-3.245571553707122803e-01
2.806108295917510986e-01
-4.021808505058288574e-01
2.654795348644256592e-01
-1.023736670613288879e-01
2.098107784986495972e-01
1.428891569375991821e-01
-1.686834692955017090e-01
-1.609059721231460571e-01
-5.797847639769315720e-03
2.239553034305572510e-01
-2.687216699123382568e-01
3.474346101284027100e-01
-4.913460016250610352e-01
-3.646001517772674561e-01
-3.050300776958465576e-01
2.946418523788452148e-01
2.552714645862579346e-01
2.856838107109069824e-01
-1.733214855194091797e-01
-2.545755207538604736e-01
-2.197996079921722412e-01
2.509180605411529541e-01
-4.460929334163665771e-01
-1.629185676574707031e-02
-2.088643759489059448e-01
-1.267720460891723633e-01
-4.326217472553253174e-01
2.121956795454025269e-01
2.621295452117919922e-01
2.199068069458007812e-01
1.274032890796661377e-01
-4.138629138469696045e-01
-2.837859690189361572e-01
1.296263933181762695e-01
-7.463026791810989380e-02
3.013690412044525146e-01
4.348530620336532593e-02
1.952783763408660889e-01
3.659335896372795105e-02
2.523846924304962158e-01
2.064854204654693604e-01
1.032878831028938293e-01
-4.160227775573730469e-01
-2.914372086524963379e-01
-9.561846405267715454e-02
2.326051443815231323e-01
2.006779462099075317e-01
-8.073823153972625732e-02
-4.318098425865173340e-01
-2.157190442085266113e-01
-3.993834853172302246e-01
-1.538326144218444824e-01
-3.005655705928802490e-01
-1.501943469047546387e-01
2.580522596836090088e-01
1.668802499771118164e-01
-2.857499122619628906e-01
-4.354403018951416016e-01
-2.217676341533660889e-01
2.625273466110229492e-01
-3.728507459163665771e-01
-5.093279480934143066e-01
2.392919212579727173e-01
1.916381716728210449e-01
3.235682249069213867e-01
-2.517597377300262451e-01
-3.790433704853057861e-01
-3.988477587699890137e-01
-8.539748191833496094e-02
1.854641363024711609e-02
-2.107890397310256958e-01
1.254781782627105713e-01
2.926569283008575439e-01
-2.494314014911651611e-01
3.887178003787994385e-01
-2.180331349372863770e-01
-2.878000773489475250e-02
2.518864274024963379e-01
-2.189529538154602051e-01
-1.208745166659355164e-01
2.239758223295211792e-01
3.048761487007141113e-01
-4.894191026687622070e-01
2.135259807109832764e-01
-3.503629413899034262e-04
-6.431085616350173950e-02
-4.673882573843002319e-02
2.767894566059112549e-01
2.718080282211303711e-01
-4.452428519725799561e-01
-2.076851278543472290e-01
-2.076681107282638550e-01
2.469460666179656982e-01
1.892281025648117065e-01
-1.257009357213973999e-01
5.065352655947208405e-03
2.815116755664348602e-02
-5.775790214538574219e-01
-1.078729629516601562e-01
-1.352957338094711304e-01
4.225310310721397400e-02
5.358910933136940002e-02
6.674218922853469849e-02
-2.195134311914443970e-01
1.154147461056709290e-01
-4.499140679836273193e-01
-2.877222597599029541e-01
1.875868737697601318e-01
1.133582219481468201e-01
2.360715270042419434e-01
-2.252748757600784302e-01
-3.753494024276733398e-01
1.443929821252822876e-01
-1.846518069505691528e-01
1.587712168693542480e-01
-1.828154176473617554e-01
1.496725082397460938e-01
-3.382662534713745117e-01
1.234346032142639160e-01
-3.604438900947570801e-01
1.163965240120887756e-01
-2.516770362854003906e-01
-1.381383836269378662e-01
-1.930337864905595779e-03
1.593863405287265778e-02
-3.302569985389709473e-01
3.022300302982330322e-01
2.582507431507110596e-01
-1.650784760713577271e-01
3.461657762527465820e-01
-3.976283669471740723e-01
-7.641165517270565033e-03
3.016124069690704346e-01
-3.433065116405487061e-01
1.533856838941574097e-01
3.927421271800994873e-01
-2.379058599472045898e-01
-8.708197623491287231e-02
8.135382831096649170e-02
2.761474251747131348e-01
-1.295876316726207733e-02
2.614014744758605957e-01
-3.472622036933898926e-01
3.232993483543395996e-01
-2.384406477212905884e-01
-3.130286931991577148e-01
3.469809293746948242e-01
2.804968357086181641e-01
-2.263203263282775879e-01
2.838570773601531982e-01
-2.354974672198295593e-02
-1.161414198577404022e-02
2.815040647983551025e-01
-4.007742702960968018e-01
-3.547034263610839844e-01
-8.288481086492538452e-02
2.766264081001281738e-01
-3.843698203563690186e-01
-3.463960587978363037e-01
3.228647708892822266e-01
-3.787794411182403564e-01
-1.403943151235580444e-01
-3.282137513160705566e-01
2.829711139202117920e-01
3.189762234687805176e-01
-2.329141050577163696e-01
3.021631538867950439e-01
2.131404578685760498e-01
3.394335508346557617e-01
5.114879459142684937e-03
-1.763856858015060425e-01
-6.310711055994033813e-02
-1.779197715222835541e-02
2.928116917610168457e-01
5.026498436927795410e-02
-1.921686083078384399e-01
-4.251960515975952148e-01
-4.249953329563140869e-01
-1.125147640705108643e-01
1.730754971504211426e-01
1.913031935691833496e-01
2.228020280599594116e-01
-3.723981976509094238e-01
1.525369882583618164e-01
9.149031341075897217e-02
-5.304057616740465164e-03
-2.396091371774673462e-01
2.934542000293731689e-01
-3.514185845851898193e-01
-4.734842777252197266e-01
-3.672020509839057922e-02
1.909434199333190918e-01
2.638379931449890137e-01
3.653084039688110352e-01
-7.782846689224243164e-02
-2.442342787981033325e-01
1.307138502597808838e-01
1.627751886844635010e-01
2.849266864359378815e-02
-5.009105205535888672e-01
-9.369663894176483154e-02
-1.442279219627380371e-01
1.447267532348632812e-01
1.831193417310714722e-01
-2.200790494680404663e-01
3.231596946716308594e-01
-2.755265235900878906e-01
8.601906895637512207e-02
6.744086276739835739e-04
-1.501612067222595215e-01
2.668356299400329590e-01
-1.097959578037261963e-01
1.600949317216873169e-01
-1.500828266143798828e-01
2.816421985626220703e-01
1.663862913846969604e-01
1.416569501161575317e-01
-3.371334671974182129e-01
-1.714019179344177246e-01
1.659990996122360229e-01
1.151306033134460449e-01
1.456346809864044189e-01
3.355622589588165283e-01
3.147085011005401611e-01
-3.923386335372924805e-01
-2.432681471109390259e-01
-2.373000681400299072e-01
-3.011076748371124268e-01
-4.949222505092620850e-02
-2.215564548969268799e-01
3.809938207268714905e-02
4.334281086921691895e-01
-7.735543698072433472e-02
1.971744745969772339e-01
-1.852612495422363281e-01
-1.496574729681015015e-01
-2.697809636592864990e-01
-2.845551818609237671e-02
4.621126949787139893e-01
-2.379527091979980469e-01
3.326555714011192322e-02
3.399148285388946533e-01
2.540327310562133789e-01
-7.648350298404693604e-02
-4.619335383176803589e-02
-1.254848539829254150e-01
2.675541937351226807e-01
-1.236993148922920227e-01
-2.462461590766906738e-01
2.842135727405548096e-01
-2.468511015176773071e-01
3.458516895771026611e-01
-2.193191498517990112e-01
-3.668476268649101257e-02
1.981853991746902466e-01
-4.274596571922302246e-01
-4.569319188594818115e-01
1.453767865896224976e-01
2.512221783399581909e-02
-1.646049916744232178e-01
1.839104741811752319e-01
-6.886333972215652466e-02
-4.908762574195861816e-01
1.795314401388168335e-01
1.749642640352249146e-01
