# (64,)
1.282754354178905487e-02
4.994936287403106689e-02
4.969631880521774292e-02
-1.039738394320011139e-02
7.744913548231124878e-02
-7.550913374871015549e-03
-4.254961013793945312e-02
-2.600214816629886627e-02
-5.660307779908180237e-02
-2.339513227343559265e-02
2.494701556861400604e-02
8.899496495723724365e-02
3.967592958360910416e-03
4.925107210874557495e-02
5.881984904408454895e-02
-8.978070318698883057e-02
-3.162401914596557617e-02
-3.158637881278991699e-02
1.258437242358922958e-02
3.964908421039581299e-02
-1.457331236451864243e-02
-5.633029714226722717e-02
5.661108717322349548e-02
4.406941309571266174e-02
4.162169992923736572e-02
-4.405752941966056824e-02
1.274712085723876953e-01
-5.163347348570823669e-02
-3.763324394822120667e-02
4.811105877161026001e-02
-3.956976346671581268e-03
4.722758010029792786e-02
3.827289864420890808e-02
3.359182551503181458e-02
-2.342297695577144623e-02
1.123016774654388428e-01
3.854230418801307678e-02
5.970963835716247559e-02
2.760786563158035278e-02
-4.109860584139823914e-02
-1.301230583339929581e-02
4.288954660296440125e-02
-2.993270754814147949e-02
6.890112534165382385e-03
9.304485283792018890e-04
2.550348639488220215e-02
2.699132449924945831e-02
4.061229899525642395e-02
1.247119344770908356e-02
-7.054989226162433624e-03
-8.671991527080535889e-03
5.808361247181892395e-02
1.180039942264556885e-01
-4.096811264753341675e-02
1.988601684570312500e-02
-6.714838556945323944e-03
-5.008807033300399780e-02
7.027921965345740318e-04
-2.698028646409511566e-02
-7.852857001125812531e-03
-3.753136843442916870e-02
5.345118790864944458e-02
-1.523956842720508575e-02
6.202764809131622314e-03
