# (32,)
-5.004724487662315369e-03
-6.848655175417661667e-03
-9.582673199474811554e-03
1.169213745743036270e-02
-6.004176568239927292e-03
-6.649134214967489243e-03
-7.481911219656467438e-03
1.376909017562866211e-02
-6.931403186172246933e-03
1.376693882048130035e-02
-2.104579657316207886e-02
-5.545402877032756805e-03
8.108602836728096008e-03
1.977055706083774567e-02
-6.967799272388219833e-03
4.483546596020460129e-03
-1.465050503611564636e-02
2.485734410583972931e-03
4.315941478125751019e-04
-4.661512561142444611e-03
8.800539188086986542e-03
-7.435839623212814331e-03
6.453730631619691849e-03
-4.224827571306377649e-04
-1.833577267825603485e-02
-1.067187078297138214e-02
-4.685194697231054306e-03
2.174695767462253571e-02
-3.698685206472873688e-03
1.616166532039642334e-02
2.993600815534591675e-02
3.040536679327487946e-02
