# (32,)
4.474677145481109619e-02
7.958607375621795654e-02
-2.508528530597686768e-02
5.270830355584621429e-03
-1.588199287652969360e-02
8.079730719327926636e-02
5.773398652672767639e-02
2.588339708745479584e-02
-2.411357592791318893e-03
-2.652219962328672409e-03
9.291585534811019897e-03
2.670521102845668793e-02
8.201104402542114258e-02
2.228881604969501495e-02
3.399220481514930725e-02
-6.564517505466938019e-03
1.949249207973480225e-02
-6.000809371471405029e-03
5.726176127791404724e-02
-8.924469351768493652e-03
8.325443603098392487e-03
8.519542217254638672e-02
2.940381504595279694e-02
-1.286031864583492279e-02
5.478163063526153564e-02
3.433379903435707092e-02
5.552680790424346924e-02
5.711483210325241089e-02
-3.873321041464805603e-02
4.909701645374298096e-03
-1.594428531825542450e-02
4.328002221882343292e-03
