# (32, 10)
2.032560296356678009e-03
3.294685157015919685e-03
-2.162268385291099548e-02
1.131990924477577209e-01
-1.088531985878944397e-01
-6.822032481431961060e-02
1.089842431247234344e-02
-1.110093481838703156e-02
-6.491810828447341919e-02
3.493580594658851624e-02
-2.688169665634632111e-02
-3.407046943902969360e-02
-7.449157536029815674e-03
7.039151154458522797e-03
1.728308573365211487e-02
3.501205891370773315e-02
-5.351522937417030334e-02
-3.996529849246144295e-04
-6.209040060639381409e-02
4.227701574563980103e-02
-3.072806298732757568e-01
-2.963033616542816162e-01
7.108888775110244751e-02
-2.274031043052673340e-01
6.775943934917449951e-02
-3.771648108959197998e-01
-3.303508162498474121e-01
2.669796347618103027e-02
-2.115215212106704712e-01
7.154067605733871460e-02
-1.747420756146311760e-03
-1.799751073122024536e-02
-1.134788151830434799e-02
1.207351610064506531e-01
8.121531456708908081e-02
-5.100055411458015442e-02
7.519337814301252365e-03
4.022628068923950195e-03
5.368995293974876404e-02
1.935681141912937164e-02
3.567973617464303970e-03
9.825221262872219086e-03
-4.964321851730346680e-02
-7.827947847545146942e-03
1.328849643468856812e-01
-3.528894111514091492e-02
-3.061872720718383789e-02
1.012372411787509918e-02
-2.693158015608787537e-02
3.325143456459045410e-02
4.805796779692173004e-03
-2.659637480974197388e-03
-2.788009867072105408e-02
-1.014406308531761169e-01
-3.911843895912170410e-02
3.881057351827621460e-02
2.546005882322788239e-02
2.545666880905628204e-03
-2.159052714705467224e-02
7.888053543865680695e-03
-7.378854788839817047e-04
5.290074041113257408e-04
-4.274275898933410645e-02
-2.342327311635017395e-02
2.012858353555202484e-02
-4.144801944494247437e-02
-5.004061385989189148e-02
-6.965951994061470032e-03
-7.713591307401657104e-02
5.760240368545055389e-03
-1.663211267441511154e-03
-2.401996217668056488e-02
6.785953789949417114e-02
-1.272410303354263306e-01
4.222213476896286011e-02
-5.933337658643722534e-02
3.139091283082962036e-02
-7.967948331497609615e-04
8.681903779506683350e-02
-1.181744784116744995e-02
-1.530189532786607742e-03
-2.295759692788124084e-02
3.784938529133796692e-02
1.057325489819049835e-02
-8.846347779035568237e-02
1.115551125258207321e-02
2.639130875468254089e-02
-4.011996090412139893e-03
-1.045950725674629211e-01
-3.633596003055572510e-02
-1.516330754384398460e-03
-6.778452079743146896e-03
6.196092814207077026e-02
1.136679351329803467e-01
-1.231628730893135071e-01
-6.130793690681457520e-02
-4.895420372486114502e-02
-4.552606493234634399e-03
-2.570503577589988708e-02
-3.866561129689216614e-02
-4.243479669094085693e-01
7.084093242883682251e-02
-3.451527357101440430e-01
1.558498144149780273e-01
-4.301280081272125244e-01
1.785565912723541260e-01
-2.239832729101181030e-01
-3.622114062309265137e-01
1.353549659252166748e-01
-1.145951300859451294e-01
-4.864948336035013199e-03
5.867393221706151962e-03
2.930245362222194672e-02
6.221126019954681396e-02
1.056475266814231873e-01
-5.217017233371734619e-02
-1.246975082904100418e-02
3.073666011914610863e-03
4.099279269576072693e-02
-5.023165792226791382e-02
-2.505270242691040039e-01
1.487479805946350098e-01
1.389883458614349365e-01
-3.587479889392852783e-01
1.478962153196334839e-01
-5.075350999832153320e-01
-1.611692905426025391e-01
-1.900418102741241455e-01
-2.145366370677947998e-01
-3.561099767684936523e-01
-3.975813277065753937e-03
1.858829520642757416e-02
-1.870606094598770142e-02
-6.339411437511444092e-02
1.097947210073471069e-01
6.040433887392282486e-03
2.381371520459651947e-02
-3.831874113529920578e-03
-6.557977944612503052e-02
-5.395946558564901352e-03
-2.178258961066603661e-03
-1.984889805316925049e-02
5.209697037935256958e-02
5.112170428037643433e-02
6.526867300271987915e-02
1.148566324263811111e-02
-5.138110369443893433e-02
-4.232514183968305588e-03
3.183345496654510498e-02
-3.819997236132621765e-02
-2.839419543743133545e-01
-2.458912432193756104e-01
1.322561800479888916e-01
1.360626667737960815e-01
-4.011752009391784668e-01
1.318939477205276489e-01
-1.491358280181884766e-01
-1.829113364219665527e-01
1.592629700899124146e-01
-1.732912063598632812e-01
3.022489324212074280e-02
-4.435141980648040771e-01
-5.135419368743896484e-01
-2.865041494369506836e-01
-2.666545510292053223e-01
5.358702689409255981e-02
1.028827354311943054e-01
-3.575548827648162842e-01
-3.177475333213806152e-01
-4.155783355236053467e-01
4.579328466206789017e-03
6.620545871555805206e-03
-6.826387345790863037e-02
-1.280643641948699951e-01
-2.921223640441894531e-03
5.270792171359062195e-02
-2.718848921358585358e-02
-9.475520811975002289e-03
6.555487960577011108e-02
1.717891776934266090e-03
-4.058580398559570312e-01
-2.022414803504943848e-01
1.036093086004257202e-01
1.168017908930778503e-01
1.305070817470550537e-01
-2.686540186405181885e-01
-3.707931339740753174e-01
1.477888375520706177e-01
-3.926536738872528076e-01
-2.809762954711914062e-01
1.006895676255226135e-01
7.825821638107299805e-02
1.243792995810508728e-01
8.426821231842041016e-02
-3.359060585498809814e-01
-3.971688151359558105e-01
-3.490608930587768555e-01
-2.398924529552459717e-01
-3.103287518024444580e-01
-4.173793792724609375e-01
-1.887822300195693970e-01
9.154166281223297119e-02
-3.278311491012573242e-01
-2.778932750225067139e-01
1.373364478349685669e-01
1.286414265632629395e-01
1.701651513576507568e-01
-3.509461581707000732e-01
-2.422828227281570435e-01
-2.334303855895996094e-01
-8.349748328328132629e-03
-2.520278794690966606e-03
-2.666411735117435455e-02
-4.572722688317298889e-02
6.180596351623535156e-02
2.891146577894687653e-03
-2.808332629501819611e-02
-6.661441642791032791e-03
1.008032634854316711e-01
3.811891889199614525e-03
-4.181579053401947021e-01
6.492147594690322876e-02
-2.237001061439514160e-01
1.205512583255767822e-01
-3.359564542770385742e-01
-9.114193171262741089e-02
-5.247017741203308105e-01
1.018403768539428711e-01
-4.800693094730377197e-01
-2.531485259532928467e-01
4.158539697527885437e-03
-4.692811053246259689e-03
-4.782148450613021851e-02
4.823968186974525452e-02
1.044314950704574585e-01
-7.304652780294418335e-02
-1.517039816826581955e-02
-7.825314067304134369e-03
9.565123915672302246e-02
4.588670283555984497e-02
9.607400000095367432e-02
-5.562494397163391113e-01
-3.181092739105224609e-01
6.122107431292533875e-02
9.382352232933044434e-02
-2.547553777694702148e-01
-3.308666348457336426e-01
-3.715029060840606689e-01
1.287706792354583740e-01
1.103775948286056519e-01
5.119302310049533844e-03
1.554533932358026505e-02
-6.240851804614067078e-02
1.081436127424240112e-01
-1.539512909948825836e-02
-4.456838592886924744e-03
3.943901974707841873e-03
1.092823594808578491e-02
9.774296730756759644e-02
-1.598832570016384125e-02
-2.782083116471767426e-03
2.039795182645320892e-02
-1.301927678287029266e-02
1.104321479797363281e-01
1.381112784147262573e-01
5.484870076179504395e-02
4.585469886660575867e-02
-2.373232692480087280e-02
7.438668608665466309e-02
-7.260143756866455078e-03
7.876549661159515381e-02
-3.432813882827758789e-01
6.492424756288528442e-02
6.596345454454421997e-02
-3.410334885120391846e-01
-2.665793895721435547e-01
7.513580471277236938e-02
-3.233109414577484131e-01
-2.146956920623779297e-01
-3.941714763641357422e-01
-2.146999686956405640e-01
5.342733487486839294e-02
-2.293858975172042847e-01
-6.532199978828430176e-01
1.110156252980232239e-01
-2.697070240974426270e-01
1.505377739667892456e-01
-3.887477219104766846e-01
9.479313343763351440e-02
-2.986398041248321533e-01
-3.651727437973022461e-01
-3.561780750751495361e-01
-4.388342201709747314e-01
9.499767422676086426e-02
8.737773448228836060e-02
1.320707350969314575e-01
-2.458983659744262695e-01
-2.506446242332458496e-01
-2.419650405645370483e-01
9.809225797653198242e-02
-1.427785842679440975e-03
5.070540588349103928e-03
6.865964829921722412e-02
-1.119039133191108704e-01
-5.963878706097602844e-02
4.069298505783081055e-02
-2.041582576930522919e-02
8.904404821805655956e-04
-9.269741363823413849e-03
1.099379453808069229e-02
3.144371788948774338e-03
-9.875535033643245697e-03
4.046154208481311798e-03
5.552011355757713318e-02
1.176656484603881836e-01
-2.086806111037731171e-02
-3.449331223964691162e-02
-6.347185699269175529e-04
8.899790048599243164e-02
-2.931640017777681351e-03
