# (784,)
1.572260074317455292e-02
-2.321388339623808861e-03
-3.735005483031272888e-02
-1.035661902278661728e-02
-1.077082939445972443e-02
1.197367161512374878e-02
-1.223817467689514160e-02
6.516532506793737411e-03
-5.117675662040710449e-02
-3.200594335794448853e-02
1.807004772126674652e-02
-2.279082313179969788e-02
1.692858524620532990e-02
-1.875429600477218628e-02
9.627897292375564575e-02
-1.884503476321697235e-02
-5.261500179767608643e-02
-5.880497768521308899e-02
-9.080328792333602905e-02
-5.017413198947906494e-02
-8.768246322870254517e-02
-9.035930782556533813e-02
1.090903580188751221e-02
5.366283655166625977e-02
4.665659740567207336e-02
2.033402957022190094e-02
-1.435507647693157196e-02
6.950349081307649612e-03
2.702791942283511162e-03
1.247390545904636383e-02
-2.207536995410919189e-02
2.202284708619117737e-02
-3.488939628005027771e-02
2.770346403121948242e-02
-3.341983258724212646e-02
-2.809873037040233612e-02
-4.801480099558830261e-02
7.406634092330932617e-02
1.673002913594245911e-02
2.707067690789699554e-02
7.848756015300750732e-02
1.581938937306404114e-02
2.642042376101016998e-02
-6.030752789229154587e-03
-5.623289570212364197e-02
2.031608251854777336e-03
2.305051498115062714e-02
2.991845086216926575e-02
-6.858386844396591187e-02
-3.054333385080099106e-03
-1.041007861495018005e-01
2.885826677083969116e-02
-3.156658262014389038e-02
-5.606476590037345886e-02
3.135666251182556152e-02
-3.357897279784083366e-03
-2.068940922617912292e-02
-2.712127380073070526e-02
9.142221882939338684e-03
2.807250432670116425e-02
-3.019084408879280090e-02
-2.999434806406497955e-02
-3.118491731584072113e-02
-6.123457849025726318e-02
-4.792367666959762573e-02
-3.011943213641643524e-02
-7.711798697710037231e-02
4.976117238402366638e-02
-4.739229381084442139e-02
-8.033245056867599487e-02
-8.182641863822937012e-02
-7.495921850204467773e-02
-1.340801864862442017e-01
-4.638797044754028320e-02
-4.259510710835456848e-02
-6.653721630573272705e-02
-1.971377350855618715e-04
-2.698684111237525940e-03
-1.130907908082008362e-01
-1.672659814357757568e-02
-6.567741185426712036e-02
-5.388976261019706726e-02
-1.653963513672351837e-02
9.050641208887100220e-03
3.472914919257164001e-02
9.029287844896316528e-03
-1.458223070949316025e-02
-5.836131051182746887e-02
-2.575488202273845673e-02
1.864586956799030304e-02
-6.446628365665674210e-03
-1.752943545579910278e-02
-6.276280153542757034e-03
-6.183983641676604748e-04
-4.821780696511268616e-02
-6.813315302133560181e-02
-1.894321478903293610e-02
-1.112875044345855713e-01
-1.597984731197357178e-01
-6.384547054767608643e-02
-4.594634845852851868e-02
-5.494499206542968750e-02
-3.655495867133140564e-02
-5.380976945161819458e-02
-4.262587055563926697e-02
-2.395953238010406494e-02
-7.370099425315856934e-02
-3.047488629817962646e-02
-2.780292369425296783e-02
-5.280352756381034851e-02
-5.141758546233177185e-02
-2.972239814698696136e-02
-3.312750160694122314e-02
-4.703002795577049255e-02
1.108173374086618423e-02
-7.131937425583600998e-03
-1.710312813520431519e-02
-4.213919118046760559e-02
-2.871642075479030609e-02
-3.753218054771423340e-02
2.588444016873836517e-02
9.018975310027599335e-03
-6.758866459131240845e-02
-1.555235404521226883e-02
-2.265311777591705322e-02
-1.064159944653511047e-01
-8.747655898332595825e-02
-1.027265638113021851e-01
-5.280862748622894287e-02
-8.878623694181442261e-02
-7.264623045921325684e-02
-1.837227307260036469e-02
-1.051220819354057312e-01
-1.167404651641845703e-02
-5.555371567606925964e-02
-6.106489151716232300e-02
-6.664829701185226440e-02
-4.491385817527770996e-02
-7.927426695823669434e-02
-2.000742778182029724e-02
-2.004917524755001068e-02
-9.345868974924087524e-02
-3.661807859316468239e-04
2.977977041155099869e-03
2.600493840873241425e-02
-4.973153118044137955e-03
3.365387022495269775e-02
-5.897657945752143860e-02
1.035168841481208801e-01
5.378157272934913635e-02
-2.150025917217135429e-03
2.968390658497810364e-02
6.536366045475006104e-02
-2.606661990284919739e-02
3.960273787379264832e-02
2.323073148727416992e-02
1.142646558582782745e-02
1.348565984517335892e-02
-5.847678333520889282e-02
-3.323689103126525879e-02
-5.392822995781898499e-02
3.326322184875607491e-03
5.710493028163909912e-02
-2.719076164066791534e-02
9.168720804154872894e-03
5.391283705830574036e-02
4.676803480833768845e-03
2.618591301143169403e-02
2.939748018980026245e-02
3.567111119627952576e-02
5.980483070015907288e-02
-1.401745481416583061e-03
2.479739487171173096e-03
-2.582395076751708984e-02
2.251905621960759163e-03
1.673877798020839691e-02
4.411894455552101135e-02
2.522267773747444153e-02
1.066745296120643616e-01
3.638147562742233276e-02
6.268301606178283691e-02
-4.515862092375755310e-03
6.635164469480514526e-02
7.941345125436782837e-02
5.723582953214645386e-02
4.524322226643562317e-02
2.527136914432048798e-02
5.403904244303703308e-02
1.044779568910598755e-01
7.175499945878982544e-02
3.970350697636604309e-02
2.742766961455345154e-02
3.623487800359725952e-02
-3.904170542955398560e-02
-7.119092345237731934e-02
-4.753807734232395887e-04
-3.844026476144790649e-02
1.144504174590110779e-02
-2.133238501846790314e-02
-2.505842410027980804e-02
4.269568249583244324e-02
1.405397709459066391e-02
7.687979936599731445e-02
-8.415982127189636230e-03
3.692505881190299988e-02
1.437202841043472290e-01
1.264852434396743774e-01
1.311447024345397949e-01
1.445352882146835327e-01
1.206936016678810120e-01
1.652221679687500000e-01
1.297650039196014404e-01
1.019239425659179688e-01
1.602974534034729004e-01
1.147035434842109680e-01
9.258491545915603638e-02
3.329483419656753540e-02
8.285760134458541870e-02
8.061147481203079224e-02
3.007798083126544952e-02
-1.576009392738342285e-02
-7.543642818927764893e-02
-2.345092594623565674e-02
-2.364849857985973358e-02
-5.787832662463188171e-02
-7.817447930574417114e-02
-6.506842374801635742e-02
-2.975105075165629387e-03
1.215326692909002304e-02
3.279845044016838074e-02
-1.957723312079906464e-02
-6.375989411026239395e-03
7.391685247421264648e-02
1.307791769504547119e-01
1.623553335666656494e-01
1.441771239042282104e-01
2.426203191280364990e-01
1.358043868094682693e-02
2.781268581748008728e-02
-4.784265160560607910e-02
1.508948765695095062e-02
5.036410689353942871e-02
1.698577255010604858e-01
4.036242514848709106e-02
7.085073739290237427e-02
1.049134042114019394e-02
6.089243292808532715e-02
1.512496545910835266e-02
2.191327884793281555e-02
9.498899802565574646e-03
1.739401929080486298e-02
5.739895626902580261e-02
-6.881169043481349945e-03
-5.930941924452781677e-02
1.642585033550858498e-03
1.359614729881286621e-02
-1.893253624439239502e-02
-9.127093479037284851e-03
5.160935595631599426e-02
3.296065703034400940e-02
-1.973613910377025604e-02
7.046262174844741821e-02
8.508918806910514832e-03
1.056614592671394348e-01
6.445276737213134766e-02
-7.191872224211692810e-03
-6.978888064622879028e-02
-9.522715210914611816e-02
-1.077062115073204041e-01
-2.225834503769874573e-02
9.996564686298370361e-02
5.053655058145523071e-02
1.181371361017227173e-01
1.751508936285972595e-02
7.477796077728271484e-02
3.123310953378677368e-02
1.935669966042041779e-02
-3.846100717782974243e-02
8.500652387738227844e-03
-6.936661154031753540e-02
3.596197068691253662e-02
-4.064105451107025146e-02
3.656403720378875732e-02
-6.290888786315917969e-02
3.693413455039262772e-03
7.374726235866546631e-02
-4.067976027727127075e-03
-2.766637364402413368e-03
-3.218940645456314087e-02
9.252422302961349487e-02
-3.412638604640960693e-02
5.118632107041776180e-04
7.279973477125167847e-02
-9.208812564611434937e-02
-4.456416517496109009e-02
-1.869478635489940643e-02
-7.161548733711242676e-02
-8.439146727323532104e-02
-1.825540140271186829e-02
1.203270629048347473e-03
1.015390232205390930e-01
-2.349451370537281036e-02
-7.968007121235132217e-04
-5.742436274886131287e-02
-3.518597036600112915e-02
-2.287292294204235077e-02
4.932185634970664978e-02
7.441622763872146606e-02
-2.731128409504890442e-02
-6.783538963645696640e-03
5.913291126489639282e-02
3.428307548165321350e-02
-3.972350619733333588e-03
-5.594480899162590504e-04
-1.023307517170906067e-01
7.568236440420150757e-02
-1.065487489104270935e-01
6.649831682443618774e-02
3.018003189936280251e-04
-3.337919339537620544e-02
-2.967064641416072845e-02
-1.467092633247375488e-01
-5.103697627782821655e-02
-1.598354429006576538e-02
-8.563609421253204346e-02
4.587392136454582214e-02
-1.224866136908531189e-02
-3.933748975396156311e-02
-1.424643211066722870e-02
-3.360189124941825867e-02
4.092665854841470718e-03
-7.352554053068161011e-02
-9.226836264133453369e-02
-1.189890578389167786e-01
-3.903650492429733276e-02
-4.362478479743003845e-02
-3.413570672273635864e-02
-1.007810160517692566e-01
-4.932251200079917908e-02
-7.102669775485992432e-02
-6.366102397441864014e-02
2.324356231838464737e-03
-1.545068174600601196e-01
2.805900946259498596e-02
-4.378286376595497131e-02
-1.966623822227120399e-03
-4.591883718967437744e-02
-4.329527914524078369e-02
-1.273198276758193970e-01
-8.882769942283630371e-02
-2.992376498878002167e-02
-4.207478091120719910e-02
4.828952718526124954e-03
1.082653924822807312e-01
4.583364352583885193e-02
6.859789043664932251e-02
4.412458278238773346e-03
7.354696840047836304e-02
2.721437625586986542e-02
-1.924687065184116364e-02
-2.991902269423007965e-02
-3.837146237492561340e-02
-1.033692155033349991e-03
-3.384045511484146118e-02
-6.490308046340942383e-02
-2.073543332517147064e-02
-4.440195858478546143e-02
-2.226375043392181396e-02
-8.707403391599655151e-02
-1.561657525599002838e-03
-5.223852768540382385e-02
2.194333262741565704e-02
-1.163629740476608276e-01
-3.091563843190670013e-02
-1.196348965167999268e-01
-5.190671980381011963e-02
-4.377522319555282593e-02
5.715391412377357483e-02
8.889893442392349243e-02
2.025420591235160828e-02
-6.279336754232645035e-03
5.169475078582763672e-02
2.641510451212525368e-03
-1.452051848173141479e-02
-3.669593483209609985e-02
-1.080222707241773605e-02
-3.633148595690727234e-02
4.758939612656831741e-03
1.814245944842696190e-03
-3.239655168727040291e-03
2.834039181470870972e-02
1.413248712196946144e-03
2.164494432508945465e-02
2.069488726556301117e-02
2.646083757281303406e-02
7.195110432803630829e-03
-3.120002336800098419e-02
-2.200060896575450897e-02
-1.764189824461936951e-02
-2.495926618576049805e-02
-7.395118474960327148e-03
5.055050551891326904e-02
5.110003985464572906e-03
-5.223059654235839844e-02
-5.977810919284820557e-02
7.806868106126785278e-02
-2.205942757427692413e-02
-2.755109686404466629e-03
-5.467144027352333069e-02
7.166296243667602539e-02
4.523234069347381592e-02
-4.027875512838363647e-02
-6.511970888823270798e-03
-1.922778971493244171e-02
4.094126448035240173e-02
-3.952254354953765869e-02
-2.812237292528152466e-02
-5.505479872226715088e-02
-2.779520675539970398e-02
-5.849404633045196533e-02
1.598786003887653351e-02
4.144507274031639099e-02
-1.948163658380508423e-02
-4.869165644049644470e-02
-5.921936035156250000e-02
3.034578077495098114e-02
-1.678386819548904896e-03
8.868916332721710205e-02
1.201112475246191025e-02
1.027657538652420044e-01
-4.438083618879318237e-02
1.101594045758247375e-02
-2.000074833631515503e-02
4.451007768511772156e-02
2.974815294146537781e-02
3.207280114293098450e-02
-7.716055214405059814e-02
-5.746525712311267853e-03
-4.247845336794853210e-02
2.573148114606738091e-03
9.911636263132095337e-02
5.855170637369155884e-02
6.222634389996528625e-02
-3.159139677882194519e-02
1.167773921042680740e-02
-2.961751073598861694e-02
2.647727169096469879e-02
-7.543917745351791382e-02
-2.151067368686199188e-02
-4.110570996999740601e-02
7.736265193670988083e-03
-4.944479092955589294e-02
-3.944738581776618958e-02
-2.864220552146434784e-02
-5.592379346489906311e-02
-1.360024232417345047e-02
5.606299266219139099e-02
2.677173912525177002e-02
6.016728468239307404e-03
2.142156101763248444e-02
6.605683267116546631e-02
-7.564179599285125732e-03
2.004144713282585144e-02
-3.035201691091060638e-02
-2.893362252507358789e-04
2.444311976432800293e-02
-1.266971137374639511e-02
-3.607805073261260986e-02
3.409671783447265625e-02
4.011924564838409424e-02
5.772164463996887207e-02
-4.527457058429718018e-03
-2.699196338653564453e-02
-1.964167319238185883e-02
-5.269386991858482361e-02
5.719952657818794250e-02
-5.134201422333717346e-02
-8.780975639820098877e-02
-4.656066186726093292e-03
-3.066301811486482620e-03
2.523419633507728577e-02
3.721212223172187805e-02
-4.221725836396217346e-02
2.710502967238426208e-02
-8.147931098937988281e-02
5.809610709547996521e-03
-1.730048507452011108e-01
4.849689081311225891e-02
-6.524469703435897827e-02
-2.769443392753601074e-02
-1.216120645403862000e-02
6.651531159877777100e-02
-4.607629030942916870e-02
-4.058847948908805847e-02
-2.681170776486396790e-02
6.169442203827202320e-04
6.597805768251419067e-02
2.560291811823844910e-02
7.698293775320053101e-02
4.410428553819656372e-02
-4.041277617216110229e-02
-2.652752399444580078e-02
-3.301212191581726074e-02
-8.104784041643142700e-02
-1.403308100998401642e-02
9.218263439834117889e-03
-1.671711169183254242e-02
-3.032197710126638412e-03
-5.498281680047512054e-03
5.317271128296852112e-02
-2.053220942616462708e-02
-1.088086068630218506e-01
-5.021604523062705994e-02
-4.995156824588775635e-02
-7.685517519712448120e-02
-1.113247349858283997e-01
-1.258772797882556915e-02
-6.218919530510902405e-02
-5.569795146584510803e-03
1.487558614462614059e-02
1.151819946244359016e-03
4.931607842445373535e-02
3.711787983775138855e-02
-3.083591349422931671e-02
5.804785992950201035e-03
8.439577184617519379e-03
7.659743726253509521e-02
1.739453524351119995e-02
-3.073938190937042236e-02
-3.799189254641532898e-02
-9.191422723233699799e-03
1.756584388203918934e-03
-5.426509678363800049e-02
-6.688970606774091721e-03
-3.417487815022468567e-02
2.795587852597236633e-02
5.269337445497512817e-02
1.019461154937744141e-01
5.021049082279205322e-02
1.174869313836097717e-01
-6.273675709962844849e-02
-1.554744411259889603e-02
-4.899619892239570618e-02
-1.005901545286178589e-01
2.996021509170532227e-02
-9.710106998682022095e-02
-6.666550785303115845e-02
4.841972142457962036e-02
1.278268359601497650e-02
1.051330715417861938e-01
1.019274294376373291e-01
3.132879734039306641e-03
1.908456534147262573e-02
4.155134409666061401e-02
1.211360767483711243e-01
3.374461084604263306e-02
-1.232986617833375931e-02
-7.665064651519060135e-03
2.821949124336242676e-02
-9.480373933911323547e-03
-7.475610822439193726e-03
-2.349832095205783844e-02
-2.567738480865955353e-02
-3.421737253665924072e-02
-7.735506445169448853e-02
-2.493884973227977753e-02
7.724731415510177612e-02
4.810108616948127747e-02
1.083125919103622437e-01
2.394425682723522186e-02
-4.061309993267059326e-02
1.650385372340679169e-02
-4.865609481930732727e-02
5.557661503553390503e-02
4.895935580134391785e-02
9.730678796768188477e-02
1.116654798388481140e-01
1.292690932750701904e-01
6.240814924240112305e-02
3.814363852143287659e-02
2.077127061784267426e-02
7.696818560361862183e-02
4.186463728547096252e-02
1.528675481677055359e-02
-2.021787315607070923e-02
3.418460115790367126e-02
4.485945217311382294e-03
9.458799660205841064e-02
1.151422597467899323e-02
1.819217391312122345e-02
-1.616227999329566956e-02
5.984523147344589233e-02
-3.925990313291549683e-02
7.496640086174011230e-02
7.619295269250869751e-02
1.158827990293502808e-01
1.089955642819404602e-01
6.935949623584747314e-02
3.697175160050392151e-02
2.853124588727951050e-02
4.221060127019882202e-02
9.340702742338180542e-02
5.315907299518585205e-02
4.478403925895690918e-02
3.169172629714012146e-02
4.180679842829704285e-02
2.669340185821056366e-02
4.343114420771598816e-02
2.034291438758373260e-02
2.419855212792754173e-03
-1.982971653342247009e-02
-1.468136534094810486e-02
-9.347934392280876637e-04
2.411681413650512695e-02
3.793567046523094177e-02
6.036942452192306519e-02
7.982674986124038696e-03
-8.025646209716796875e-02
1.043853722512722015e-02
7.729387376457452774e-03
-2.985631488263607025e-02
-5.146737676113843918e-03
4.311677068471908569e-02
6.000327318906784058e-02
4.296473041176795959e-02
4.082389548420906067e-02
7.477722316980361938e-02
8.241804689168930054e-02
8.839835226535797119e-02
2.571846731007099152e-02
2.853941358625888824e-02
4.603045806288719177e-02
3.916844725608825684e-02
-3.456889651715755463e-03
5.113769322633743286e-03
-6.289692595601081848e-03
1.416526287794113159e-01
7.278177142143249512e-02
3.263538703322410583e-02
4.082682728767395020e-02
-5.953329149633646011e-03
-5.257603712379932404e-03
-1.230010166764259338e-01
-2.153235860168933868e-02
-3.955742716789245605e-02
-1.020026803016662598e-01
-1.505560055375099182e-02
-2.108654007315635681e-02
-2.402527816593647003e-02
-7.013175636529922485e-03
-2.870126161724328995e-03
4.605045914649963379e-02
4.865667223930358887e-02
6.076696515083312988e-02
1.341137290000915527e-01
7.491640001535415649e-02
1.131014432758092880e-02
-4.757090006023645401e-03
6.807301193475723267e-03
-6.289739906787872314e-02
-2.804387733340263367e-02
-4.741470515727996826e-02
-6.695106625556945801e-02
1.280801370739936829e-02
5.840474739670753479e-02
7.031175494194030762e-02
-1.884562149643898010e-02
4.372077994048595428e-03
-4.088587686419487000e-02
-2.697886154055595398e-02
-1.270773708820343018e-01
-5.589733272790908813e-02
-8.208779036067426205e-04
-3.498261794447898865e-02
2.949905395507812500e-02
2.204238623380661011e-02
-2.004355937242507935e-02
-1.729248836636543274e-02
-1.438419371843338013e-01
-8.221043646335601807e-02
-1.138074696063995361e-01
-6.317353993654251099e-02
1.519566634669899940e-03
4.693676531314849854e-02
-5.836847797036170959e-02
-4.315004125237464905e-02
8.602894097566604614e-02
6.386607419699430466e-03
5.271643027663230896e-02
-2.568194270133972168e-02
-8.278113789856433868e-03
6.545300781726837158e-02
-7.830104231834411621e-02
-2.706911601126194000e-02
-4.815961420536041260e-02
-1.081156823784112930e-02
-5.728440731763839722e-02
4.229561612010002136e-02
-7.964827120304107666e-03
-3.526971116662025452e-02
-2.775919623672962189e-02
-7.075829803943634033e-02
-4.274253919720649719e-02
1.297183521091938019e-02
-5.708739161491394043e-03
-3.365324810147285461e-02
1.308193430304527283e-02
-1.862693391740322113e-02
-6.103103980422019958e-02
-4.930216446518898010e-02
-2.828563749790191650e-02
-8.424466103315353394e-02
-1.211227402091026306e-01
-1.310391128063201904e-01
-1.159695349633693695e-02
-3.362275660037994385e-02
3.994747623801231384e-02
9.854545816779136658e-03
1.370846666395664215e-02
2.454510144889354706e-02
-3.583476692438125610e-02
-1.329026464372873306e-02
5.287969484925270081e-02
-1.000361368060112000e-01
-6.302596628665924072e-02
-5.404391139745712280e-02
-1.421499066054821014e-02
-9.192620962858200073e-02
-7.194858044385910034e-02
-9.853214025497436523e-03
-3.332934156060218811e-02
-6.297490745782852173e-02
2.640364924445748329e-03
-2.913020551204681396e-02
-4.029748961329460144e-03
3.963036462664604187e-02
7.461791392415761948e-03
1.975507708266377449e-03
-2.453503385186195374e-02
4.317681305110454559e-03
-1.057628355920314789e-02
-4.577768221497535706e-02
1.107077002525329590e-01
-3.155004978179931641e-02
7.002332061529159546e-02
-6.715021282434463501e-02
-3.639277443289756775e-02
-7.662104070186614990e-02
-6.739513576030731201e-02
-8.219555765390396118e-02
-8.325390517711639404e-03
-7.692209631204605103e-02
-7.445667404681444168e-03
-7.135181128978729248e-02
-5.418569315224885941e-03
-3.971358016133308411e-02
-1.891797035932540894e-02
-1.933957822620868683e-02
-6.963127106428146362e-02
5.959827452898025513e-02
-8.616411685943603516e-02
-5.266321450471878052e-02
-1.186566427350044250e-02
2.016177587211132050e-02
-4.391180723905563354e-02
-2.085324004292488098e-02
2.712552808225154877e-02
-1.093484535813331604e-01
5.598440021276473999e-02
-2.760417200624942780e-02
4.143840447068214417e-02
-2.595516853034496307e-02
5.724362656474113464e-02
3.937879204750061035e-02
-7.518096826970577240e-03
-2.271730266511440277e-02
-5.855381116271018982e-02
-2.923237532377243042e-02
-2.776543423533439636e-02
-9.023159742355346680e-02
-5.384550616145133972e-02
-1.738359965384006500e-02
-1.746688410639762878e-02
-2.525607123970985413e-02
