# (784,)
0.000000000000000000e+00
0.000000000000000000e+00
0.000000000000000000e+00
0.000000000000000000e+00
0.000000000000000000e+00
0.000000000000000000e+00
0.000000000000000000e+00
0.000000000000000000e+00
0.000000000000000000e+00
0.000000000000000000e+00
0.000000000000000000e+00
0.000000000000000000e+00
3.662972858364810236e-08
8.762491887637224863e-08
8.255035766069340752e-09
3.439598050825054543e-10
0.000000000000000000e+00
0.000000000000000000e+00
0.000000000000000000e+00
0.000000000000000000e+00
0.000000000000000000e+00
0.000000000000000000e+00
0.000000000000000000e+00
0.000000000000000000e+00
0.000000000000000000e+00
0.000000000000000000e+00
0.000000000000000000e+00
0.000000000000000000e+00
0.000000000000000000e+00
0.000000000000000000e+00
0.000000000000000000e+00
0.000000000000000000e+00
6.236209326715425050e-10
4.182825641407816875e-09
3.385152012924663723e-06
3.466869748081080616e-05
8.356959006050601602e-05
1.279427233384922147e-04
2.779611677397042513e-04
3.834116505458950996e-04
6.661532679572701454e-04
6.284594419412314892e-04
7.974246400408446789e-04
6.797781097702682018e-04
8.972020586952567101e-04
6.970179965719580650e-04
3.299699164927005768e-04
3.435692924540489912e-04
5.139145068824291229e-04
2.881365071516484022e-04
1.587676160852424800e-05
4.005804328244266799e-07
0.000000000000000000e+00
0.000000000000000000e+00
0.000000000000000000e+00
0.000000000000000000e+00
0.000000000000000000e+00
0.000000000000000000e+00
1.018700235277947286e-08
8.336998007507645525e-07
1.013764176605036482e-05
8.465055543638300151e-06
7.525342516601085663e-05
2.896494115702807903e-04
7.291475194506347179e-04
1.680554822087287903e-03
3.300050972029566765e-03
5.362431984394788742e-03
8.257893845438957214e-03
1.014089491218328476e-02
1.243912614881992340e-02
1.466883160173892975e-02
1.510295737534761429e-02
1.282056979835033417e-02
1.040613651275634766e-02
8.578217588365077972e-03
5.362324416637420654e-03
2.170247957110404968e-03
8.866995340213179588e-04
4.061700601596385241e-04
1.514219329692423344e-04
4.005668415629770607e-06
0.000000000000000000e+00
0.000000000000000000e+00
0.000000000000000000e+00
0.000000000000000000e+00
2.677057686639727763e-08
2.437599050608696416e-06
1.264135516976239160e-05
3.327360609546303749e-04
8.926016162149608135e-04
2.119481097906827927e-03
4.335619509220123291e-03
9.081771597266197205e-03
1.503544300794601440e-02
2.239981852471828461e-02
2.827035821974277496e-02
3.484219312667846680e-02
4.449759423732757568e-02
5.067939311265945435e-02
5.094533041119575500e-02
4.625545069575309753e-02
3.712274134159088135e-02
2.678439766168594360e-02
1.691759936511516571e-02
8.654563687741756439e-03
3.592971945181488991e-03
1.496835611760616302e-03
6.943198386579751968e-04
7.423092756653204560e-05
6.453053174482192844e-06
0.000000000000000000e+00
0.000000000000000000e+00
5.889341792020275079e-10
2.592542477941606194e-05
9.910776861943304539e-05
2.885824942495673895e-04
1.318396884016692638e-03
3.587442450225353241e-03
8.942292071878910065e-03
1.809679344296455383e-02
3.300286084413528442e-02
5.158199369907379150e-02
7.503316551446914673e-02
1.056674793362617493e-01
1.378654539585113525e-01
1.634841710329055786e-01
1.745346486568450928e-01
1.711882203817367554e-01
1.509793251752853394e-01
1.218782886862754822e-01
8.873496204614639282e-02
5.753583461046218872e-02
3.436093032360076904e-02
1.957275532186031342e-02
9.533713571727275848e-03
3.751194104552268982e-03
1.021276460960507393e-03
1.097610729630105197e-04
7.606697494111358537e-09
0.000000000000000000e+00
0.000000000000000000e+00
1.546635030535981059e-05
2.660352329257875681e-04
1.457189093343913555e-03
5.563320592045783997e-03
1.420669909566640854e-02
2.735528163611888885e-02
4.986394569277763367e-02
8.346343040466308594e-02
1.258167326450347900e-01
1.745462417602539062e-01
2.319770455360412598e-01
2.937256693840026855e-01
3.351204097270965576e-01
3.553542792797088623e-01
3.490643501281738281e-01
3.114637434482574463e-01
2.551156282424926758e-01
1.921776682138442993e-01
1.340312212705612183e-01
8.373380452394485474e-02
4.919442161917686462e-02
2.663279883563518524e-02
1.121395174413919449e-02
3.197683021426200867e-03
4.221501294523477554e-04
1.753336960064189043e-06
0.000000000000000000e+00
4.730660307927792019e-08
8.982614963315427303e-05
9.564534993842244148e-04
4.405670333653688431e-03
1.278573554009199142e-02
2.849183417856693268e-02
5.487960577011108398e-02
9.635527431964874268e-02
1.495269089937210083e-01
2.119174003601074219e-01
2.817769944667816162e-01
3.554570674896240234e-01
4.222269058227539062e-01
4.647234082221984863e-01
4.818677604198455811e-01
4.725171029567718506e-01
4.332575201988220215e-01
3.685278892517089844e-01
2.872587144374847412e-01
2.083627581596374512e-01
1.354235857725143433e-01
8.171492815017700195e-02
4.453790187835693359e-02
2.009432949125766754e-02
6.186384242027997971e-03
1.301962998695671558e-03
1.611066836630925536e-04
4.749315962726541329e-07
1.212756324093788862e-04
5.001037498004734516e-04
2.891624812036752701e-03
9.448193944990634918e-03
2.406283654272556305e-02
5.059782415628433228e-02
9.242526441812515259e-02
1.484140455722808838e-01
2.172959148883819580e-01
2.919282615184783936e-01
3.731034100055694580e-01
4.432331919670104980e-01
4.939047992229461670e-01
5.208652615547180176e-01
5.329667925834655762e-01
5.227010250091552734e-01
4.930180013179779053e-01
4.414852261543273926e-01
3.584978580474853516e-01
2.667803466320037842e-01
1.800613999366760254e-01
1.085593774914741516e-01
5.823244899511337280e-02
2.562642283737659454e-02
8.655241690576076508e-03
1.238786731846630573e-03
7.746871415292844176e-05
1.930041207742760889e-06
3.039261209778487682e-04
1.684664632193744183e-03
5.796417593955993652e-03
1.577547751367092133e-02
3.452119231224060059e-02
6.851851940155029297e-02
1.206008866429328918e-01
1.894348859786987305e-01
2.715518772602081299e-01
3.549362123012542725e-01
4.300219714641571045e-01
4.718475043773651123e-01
4.855875372886657715e-01
4.842617213726043701e-01
4.818013012409210205e-01
4.830963909626007080e-01
4.785004258155822754e-01
4.561045467853546143e-01
3.886432945728302002e-01
2.984279096126556396e-01
2.045871317386627197e-01
1.233693137764930725e-01
6.100909411907196045e-02
2.470302209258079529e-02
9.161303751170635223e-03
1.156679238192737103e-03
5.985737971059279516e-06
3.019762152689509094e-05
3.962457994930446148e-04
2.283753594383597374e-03
7.244437932968139648e-03
1.805073022842407227e-02
3.897834196686744690e-02
7.834520936012268066e-02
1.387565582990646362e-01
2.159512341022491455e-01
3.057608008384704590e-01
3.890616595745086670e-01
4.340489506721496582e-01
4.345731139183044434e-01
4.116401374340057373e-01
3.902551829814910889e-01
3.923752009868621826e-01
4.108788371086120605e-01
4.384595453739166260e-01
4.389654099941253662e-01
3.907073140144348145e-01
3.027595579624176025e-01
2.077530175447463989e-01
1.258472800254821777e-01
6.006019562482833862e-02
2.268419042229652405e-02
6.947231013327836990e-03
9.471373632550239563e-04
2.927091554738581181e-05
7.180072134360671043e-05
5.957051762379705906e-04
2.495571505278348923e-03
7.506936322897672653e-03
1.792275160551071167e-02
3.945897892117500305e-02
8.085428178310394287e-02
1.469697505235671997e-01
2.349016070365905762e-01
3.267523944377899170e-01
3.941449224948883057e-01
4.044144749641418457e-01
3.685916662216186523e-01
3.266987800598144531e-01
3.117340505123138428e-01
3.338626921176910400e-01
3.720654845237731934e-01
4.125235080718994141e-01
4.193964302539825439e-01
3.739145994186401367e-01
2.849563956260681152e-01
1.908021569252014160e-01
1.161899566650390625e-01
5.568282678723335266e-02
1.901644095778465271e-02
4.226678516715764999e-03
8.901964756660163403e-04
6.363656575558707118e-05
4.644860018743202090e-05
3.392561047803610563e-04
1.845702994614839554e-03
5.658663343638181686e-03
1.562547683715820312e-02
3.969646245241165161e-02
8.481814712285995483e-02
1.598345041275024414e-01
2.528505027294158936e-01
3.407741487026214600e-01
3.870552778244018555e-01
3.701874017715454102e-01
3.212665915489196777e-01
2.885406017303466797e-01
3.000691831111907959e-01
3.343425393104553223e-01
3.823531270027160645e-01
4.214951992034912109e-01
4.175568222999572754e-01
3.514657914638519287e-01
2.554737329483032227e-01
1.679211705923080444e-01
1.018596515059471130e-01
5.127467960119247437e-02
1.683041825890541077e-02
2.141196746379137039e-03
2.926176239270716906e-04
1.963564136531203985e-05
2.731695713009685278e-05
2.307568065589293838e-04
9.256562334485352039e-04
4.400511737912893295e-03
1.343955006450414658e-02
4.051104560494422913e-02
9.294830262660980225e-02
1.761213541030883789e-01
2.683722674846649170e-01
3.488361537456512451e-01
3.826455473899841309e-01
3.555952310562133789e-01
3.135638833045959473e-01
3.121942281723022461e-01
3.488591313362121582e-01
3.959681987762451172e-01
4.421261548995971680e-01
4.601132571697235107e-01
4.253527224063873291e-01
3.324359655380249023e-01
2.279631346464157104e-01
1.514359861612319946e-01
9.475430846214294434e-02
5.269232764840126038e-02
1.821450330317020416e-02
1.273152767680585384e-03
7.579015800729393959e-05
1.357935616397298872e-06
2.122372677604289493e-08
1.310140505665913224e-04
3.372863575350493193e-04
2.865633927285671234e-03
1.338944584131240845e-02
4.659099131822586060e-02
1.052830666303634644e-01
1.913280934095382690e-01
2.814855873584747314e-01
3.543496131896972656e-01
3.808267116546630859e-01
3.596214056015014648e-01
3.449588119983673096e-01
3.842492699623107910e-01
4.355627894401550293e-01
4.848349094390869141e-01
5.107840299606323242e-01
4.978965222835540771e-01
4.256841242313385010e-01
3.138672113418579102e-01
2.136216312646865845e-01
1.463912725448608398e-01
9.586140513420104980e-02
5.585382878780364990e-02
2.167507633566856384e-02
2.055621007457375526e-03
2.155347028747200966e-04
1.090857676899759099e-05
1.887749817797157448e-06
6.866735930088907480e-05
1.397902233293280005e-04
2.078231889754533768e-03
1.331863272935152054e-02
5.336244776844978333e-02
1.170438230037689209e-01
2.011064141988754272e-01
2.855829894542694092e-01
3.510228693485260010e-01
3.746601641178131104e-01
3.691520690917968750e-01
3.892669081687927246e-01
4.545439779758453369e-01
5.077574849128723145e-01
5.470153093338012695e-01
5.417172312736511230e-01
5.074763894081115723e-01
4.183305203914642334e-01
3.070349991321563721e-01
2.178363054990768433e-01
1.507253795862197876e-01
1.023129969835281372e-01
6.035748869180679321e-02
2.377464622259140015e-02
3.000628668814897537e-03
4.798733280040323734e-04
8.427844477409962565e-06
9.158230227512831334e-07
3.605719393817707896e-05
1.519844954600557685e-04
2.106766914948821068e-03
1.477583404630422592e-02
6.127899885177612305e-02
1.260666996240615845e-01
2.016073912382125854e-01
2.790369689464569092e-01
3.377885222434997559e-01
3.595059216022491455e-01
3.712771832942962646e-01
4.147177934646606445e-01
4.830991029739379883e-01
5.314500331878662109e-01
5.495991706848144531e-01
5.215002894401550293e-01
4.798718392848968506e-01
3.964820504188537598e-01
3.056802749633789062e-01
2.286347150802612305e-01
1.622611731290817261e-01
1.084696948528289795e-01
6.168766319751739502e-02
2.466352656483650208e-02
4.526840988546609879e-03
9.979131864383816719e-04
8.610682925791479647e-06
1.701203586890187580e-06
3.268268119427375495e-05
2.333646407350897789e-04
2.579157473519444466e-03
1.772127114236354828e-02
6.693478673696517944e-02
1.292508393526077271e-01
1.952387690544128418e-01
2.622498273849487305e-01
3.085353374481201172e-01
3.307459950447082520e-01
3.526213169097900391e-01
3.994466066360473633e-01
4.534881412982940674e-01
4.948210418224334717e-01
5.022103786468505859e-01
4.800482988357543945e-01
4.402018189430236816e-01
3.736527264118194580e-01
3.014806509017944336e-01
2.357223778963088989e-01
1.692250370979309082e-01
1.089181527495384216e-01
5.861155688762664795e-02
2.397195808589458466e-02
5.719100590795278549e-03
9.527012589387595654e-04
9.921561286319047213e-06
0.000000000000000000e+00
1.126553706853883341e-05
4.044614906888455153e-04
4.156725015491247177e-03
2.255042269825935364e-02
7.275792211294174194e-02
1.304648518562316895e-01
1.883886456489562988e-01
2.398777902126312256e-01
2.744573354721069336e-01
2.936163246631622314e-01
3.162119090557098389e-01
3.510191738605499268e-01
3.982258439064025879e-01
4.388925433158874512e-01
4.514018297195434570e-01
4.444550871849060059e-01
4.144648909568786621e-01
3.649996519088745117e-01
2.996685504913330078e-01
2.349320948123931885e-01
1.651961356401443481e-01
1.006146743893623352e-01
5.171428248286247253e-02
2.212696708738803864e-02
6.550588179379701614e-03
1.216151402331888676e-03
2.637935358507093042e-05
1.010410954904727987e-07
1.930715143316774629e-06
6.482545286417007446e-04
5.834318697452545166e-03
2.785428054630756378e-02
7.777093350887298584e-02
1.358916759490966797e-01
1.894614696502685547e-01
2.294362783432006836e-01
2.605530023574829102e-01
2.822387218475341797e-01
3.018381893634796143e-01
3.264040350914001465e-01
3.741499781608581543e-01
4.166133701801300049e-01
4.354816973209381104e-01
4.368827342987060547e-01
4.125479459762573242e-01
3.696862161159515381e-01
2.985356748104095459e-01
2.242521792650222778e-01
1.509064882993698120e-01
8.968350291252136230e-02
4.402862489223480225e-02
1.896596513688564301e-02
5.760951898992061615e-03
7.631990592926740646e-04
1.971023739315569401e-04
4.625242127076489851e-07
2.899004903156310320e-05
1.133936922997236252e-03
7.637986447662115097e-03
3.205372393131256104e-02
8.129739761352539062e-02
1.433922499418258667e-01
1.992429196834564209e-01
2.426226288080215454e-01
2.788768112659454346e-01
3.078919053077697754e-01
3.274402916431427002e-01
3.551907241344451904e-01
3.980805873870849609e-01
4.384720921516418457e-01
4.549679160118103027e-01
4.506513476371765137e-01
4.223908782005310059e-01
3.646505177021026611e-01
2.835242450237274170e-01
2.009573280811309814e-01
1.299042999744415283e-01
7.270929962396621704e-02
3.425052762031555176e-02
1.395703572779893875e-02
4.441095050424337387e-03
6.487456266768276691e-04
1.357023720629513264e-04
0.000000000000000000e+00
7.076869951561093330e-05
1.166870119050145149e-03
8.504692465066909790e-03
3.063852898776531219e-02
7.777465879917144775e-02
1.427138149738311768e-01
2.087067812681198120e-01
2.668384313583374023e-01
3.148055672645568848e-01
3.552141785621643066e-01
3.882790505886077881e-01
4.190668463706970215e-01
4.564352631568908691e-01
4.805119931697845459e-01
4.845246374607086182e-01
4.659253656864166260e-01
4.147745072841644287e-01
3.333643972873687744e-01
2.447560131549835205e-01
1.637091189622879028e-01
9.961279481649398804e-02
5.300272256135940552e-02
2.524284273386001587e-02
1.030596997588872910e-02
3.341970499604940414e-03
4.069843562319874763e-04
2.502805251936024433e-08
9.877155093818146270e-08
1.187648922496009618e-05
1.142803230322897434e-03
6.482771597802639008e-03
2.445724420249462128e-02
6.363976001739501953e-02
1.246726512908935547e-01
1.972595006227493286e-01
2.719713151454925537e-01
3.402912318706512451e-01
3.945968151092529297e-01
4.430685341358184814e-01
4.787423610687255859e-01
5.045345425605773926e-01
5.083664655685424805e-01
4.906063079833984375e-01
4.402778148651123047e-01
3.607022762298583984e-01
2.669970691204071045e-01
1.846696883440017700e-01
1.131336018443107605e-01
6.390131264925003052e-02
3.273480758070945740e-02
1.585228927433490753e-02
6.078875623643398285e-03
1.720936968922615051e-03
2.248031523777171969e-04
1.871280119303264655e-06
9.568500303203109070e-08
1.779594640538562089e-07
7.885501254349946976e-04
3.957948647439479828e-03
1.486972905695438385e-02
4.077234864234924316e-02
8.904100954532623291e-02
1.561957150697708130e-01
2.330362349748611450e-01
3.148992657661437988e-01
3.874792456626892090e-01
4.432206153869628906e-01
4.796679913997650146e-01
4.895340800285339355e-01
4.726474285125732422e-01
4.284783899784088135e-01
3.557565510272979736e-01
2.675707638263702393e-01
1.824829727411270142e-01
1.162938475608825684e-01
6.781973689794540405e-02
3.535198792815208435e-02
1.780661195516586304e-02
8.364539593458175659e-03
2.634568605571985245e-03
6.738752126693725586e-04
5.919696559431031346e-05
3.454669922575703822e-06
0.000000000000000000e+00
0.000000000000000000e+00
1.488896668888628483e-04
1.287301187403500080e-03
6.691856775432825089e-03
1.867083832621574402e-02
4.519805312156677246e-02
9.210438281297683716e-02
1.576122641563415527e-01
2.317441254854202271e-01
3.024445772171020508e-01
3.601334989070892334e-01
3.879887759685516357e-01
3.888483941555023193e-01
3.576685488224029541e-01
3.040524125099182129e-01
2.336093634366989136e-01
1.627948880195617676e-01
1.025468334555625916e-01
6.336317211389541626e-02
3.542083874344825745e-02
1.756508275866508484e-02
9.095596149563789368e-03
3.733478253707289696e-03
1.066837809048593044e-03
2.288542746100574732e-04
3.606061727623455226e-05
0.000000000000000000e+00
0.000000000000000000e+00
0.000000000000000000e+00
1.711735239950940013e-05
3.066670033149421215e-04
1.885233214125037193e-03
5.761726759374141693e-03
1.535146776586771011e-02
3.436167538166046143e-02
6.599914282560348511e-02
1.100575625896453857e-01
1.522614657878875732e-01
1.845178902149200439e-01
1.983974277973175049e-01
1.982273310422897339e-01
1.787935495376586914e-01
1.467286944389343262e-01
1.103167310357093811e-01
7.710169255733489990e-02
4.956629872322082520e-02
3.154714405536651611e-02
1.649718917906284332e-02
7.360754534602165222e-03
3.834419883787631989e-03
1.641284674406051636e-03
4.232357605360448360e-04
8.306724339490756392e-05
6.504256816697306931e-06
0.000000000000000000e+00
0.000000000000000000e+00
0.000000000000000000e+00
1.878995625759216637e-08
3.684055263875052333e-05
3.766141016967594624e-04
1.607778132893145084e-03
4.953881260007619858e-03
1.293377485126256943e-02
2.589909546077251434e-02
3.976578637957572937e-02
5.384176224470138550e-02
6.262750923633575439e-02
6.850334256887435913e-02
6.981212645769119263e-02
6.399134546518325806e-02
5.414536967873573303e-02
4.190720990300178528e-02
3.146959841251373291e-02
2.220034785568714142e-02
1.427067723125219345e-02
6.926625501364469528e-03
3.389475168660283089e-03
1.721901353448629379e-03
8.478669915348291397e-04
3.715777420438826084e-04
1.870738174147845712e-06
2.233176246591028757e-06
0.000000000000000000e+00
0.000000000000000000e+00
0.000000000000000000e+00
0.000000000000000000e+00
1.135679303843062371e-05
1.787011715350672603e-04
5.689177196472883224e-04
2.034255536273121834e-03
5.292844027280807495e-03
1.031144428998231888e-02
1.433990430086851120e-02
1.962899789214134216e-02
2.305156737565994263e-02
2.467693574726581573e-02
2.525341138243675232e-02
2.375502884387969971e-02
1.858449168503284454e-02
1.524336542934179306e-02
1.171542331576347351e-02
6.981667131185531616e-03
4.319095518440008163e-03
2.176566049456596375e-03
8.902881527319550514e-04
1.698230771580711007e-04
4.667472967412322760e-05
7.002743700468272436e-07
1.856549943113350309e-06
0.000000000000000000e+00
0.000000000000000000e+00
0.000000000000000000e+00
0.000000000000000000e+00
0.000000000000000000e+00
0.000000000000000000e+00
5.427751261777302716e-07
5.653947664541192353e-05
7.235535304062068462e-05
1.375827559968456626e-04
4.622351843863725662e-04
8.664365741424262524e-04
8.084440487436950207e-04
1.168146962299942970e-03
1.995321596041321754e-03
2.967758104205131531e-03
3.389581339433789253e-03
2.400916302576661110e-03
1.843785867094993591e-03
1.524737570434808731e-03
1.121163484640419483e-03
4.508283454924821854e-04
2.159595605917274952e-04
9.030385990627110004e-05
2.158973984478507191e-06
3.650792379517042718e-08
0.000000000000000000e+00
0.000000000000000000e+00
0.000000000000000000e+00
0.000000000000000000e+00
