# (784,)
3.732678888201945711e-10
3.732678888201945711e-10
3.732678888201945711e-10
3.732678888201945711e-10
3.732678888201945711e-10
3.732678888201945711e-10
3.732678888201945711e-10
3.732678888201945711e-10
3.732678888201945711e-10
3.732678888201945711e-10
3.732678888201945711e-10
3.732678888201945711e-10
1.687770634362095734e-08
8.642596327490537078e-08
7.365901666389618185e-09
3.854079277942901172e-10
3.732678888201945711e-10
3.732678888201945711e-10
3.732678888201945711e-10
3.732678888201945711e-10
3.732678888201945711e-10
3.732678888201945711e-10
3.732678888201945711e-10
3.732678888201945711e-10
3.732678888201945711e-10
3.732678888201945711e-10
3.732678888201945711e-10
3.732678888201945711e-10
3.732678888201945711e-10
3.732678888201945711e-10
3.732678888201945711e-10
3.732678888201945711e-10
4.123978936121375227e-10
7.846737704042539008e-10
9.057516763277817518e-07
1.654348307056352496e-05
6.028923598933033645e-05
9.996573498938232660e-05
2.397756179561838508e-04
2.137997653335332870e-04
4.978117649443447590e-04
4.285804752726107836e-04
6.039733998477458954e-04
4.497104964684695005e-04
7.122581591829657555e-04
5.543956067413091660e-04
2.442165859974920750e-04
2.549357595853507519e-04
4.184131685178726912e-04
2.232280676253139973e-04
1.486193468736018986e-06
3.084952595600043423e-07
3.732678888201945711e-10
3.732678888201945711e-10
3.732678888201945711e-10
3.732678888201945711e-10
3.732678888201945711e-10
3.732678888201945711e-10
2.930063303097085736e-09
9.518812760234141024e-08
1.517858208899269812e-06
8.745327022552373819e-07
3.325563011458143592e-05
2.235335559817031026e-04
5.690916441380977631e-04
1.103939721360802650e-03
2.504208125174045563e-03
3.839373355731368065e-03
6.226615980267524719e-03
7.834062911570072174e-03
9.397262707352638245e-03
1.089077349752187729e-02
1.152045559138059616e-02
9.771432727575302124e-03
7.903822697699069977e-03
6.699565798044204712e-03
4.136955365538597107e-03
1.445951638743281364e-03
6.487175705842673779e-04
3.169318079017102718e-04
9.530790703138336539e-05
2.134878286597086117e-06
3.732678888201945711e-10
3.732678888201945711e-10
3.732678888201945711e-10
3.732678888201945711e-10
1.297000018496419216e-08
8.014152967916743364e-07
1.206528168040676974e-06
2.304380323039367795e-04
6.574223516508936882e-04
1.469648093916475773e-03
2.939366968348622322e-03
6.491169799119234085e-03
1.163306087255477905e-02
1.739268004894256592e-02
2.133835852146148682e-02
2.583591081202030182e-02
3.338721022009849548e-02
3.884510695934295654e-02
3.729354962706565857e-02
3.515415638685226440e-02
2.856607176363468170e-02
2.055954560637474060e-02
1.299317181110382080e-02
6.460032891482114792e-03
2.361382124945521355e-03
1.112307538278400898e-03
5.388010758906602859e-04
3.208880661986768246e-05
1.753158016981615219e-06
3.732678888201945711e-10
3.732678888201945711e-10
4.610318793396572801e-10
4.029156571050407365e-06
2.998861418745946139e-05
1.623906864551827312e-04
8.597084088250994682e-04
2.263016998767852783e-03
6.280544679611921310e-03
1.303943805396556854e-02
2.413524128496646881e-02
3.778080642223358154e-02
5.409483611583709717e-02
7.364147901535034180e-02
9.369703382253646851e-02
1.073136404156684875e-01
1.137159094214439392e-01
1.108945384621620178e-01
1.005850061774253845e-01
8.422243595123291016e-02
6.290431320667266846e-02
4.150395467877388000e-02
2.448426745831966400e-02
1.421188004314899445e-02
6.914517842233181000e-03
2.567444695159792900e-03
5.925936275161802769e-04
4.852051279158331454e-05
2.221993700146640549e-09
3.732678888201945711e-10
3.732678888201945711e-10
2.525222726035281084e-06
1.562029065098613501e-04
7.954632164910435677e-04
3.874516580253839493e-03
1.042841002345085144e-02
2.051815576851367950e-02
3.598780557513237000e-02
5.944122746586799622e-02
8.667317032814025879e-02
1.127912700176239014e-01
1.397212743759155273e-01
1.648524403572082520e-01
1.777619421482086182e-01
1.814684569835662842e-01
1.787033826112747192e-01
1.682395190000534058e-01
1.493871361017227173e-01
1.220860928297042847e-01
9.072417020797729492e-02
5.816071107983589172e-02
3.531486168503761292e-02
1.904436387121677399e-02
7.531921379268169403e-03
1.932020764797925949e-03
1.940315851243212819e-04
1.813051397903109319e-07
3.732678888201945711e-10
1.666742965866774284e-09
5.523946310859173536e-05
5.316869937814772129e-04
3.190400777384638786e-03
9.413424879312515259e-03
2.084062062203884125e-02
4.003835842013359070e-02
6.873707473278045654e-02
1.018033251166343689e-01
1.326248496770858765e-01
1.592488884925842285e-01
1.794125139713287354e-01
1.910696476697921753e-01
1.946232318878173828e-01
1.935395002365112305e-01
1.943701505661010742e-01
1.932589113712310791e-01
1.838843822479248047e-01
1.629081964492797852e-01
1.315943598747253418e-01
9.183320403099060059e-02
5.890027806162834167e-02
3.229327499866485596e-02
1.401151902973651886e-02
4.077356774359941483e-03
8.258344605565071106e-04
1.012065185932442546e-04
8.791148076170429704e-08
5.382959352573379874e-05
3.255079209338873625e-04
1.985250040888786316e-03
6.774789653718471527e-03
1.752597466111183167e-02
3.685011342167854309e-02
6.629851460456848145e-02
9.988481551408767700e-02
1.332438439130783081e-01
1.589945852756500244e-01
1.775423139333724976e-01
1.855154782533645630e-01
1.872369945049285889e-01
1.878955662250518799e-01
1.869831830263137817e-01
1.878184229135513306e-01
1.878910362720489502e-01
1.884355247020721436e-01
1.783191114664077759e-01
1.543469578027725220e-01
1.168165430426597595e-01
7.636908441781997681e-02
4.228041693568229675e-02
1.806789077818393707e-02
5.867228843271732330e-03
7.335490663535892963e-04
2.088185101456474513e-05
1.446039732400095090e-06
1.850344415288418531e-04
1.222159713506698608e-03
4.056124947965145111e-03
1.213173568248748779e-02
2.556998096406459808e-02
5.040621757507324219e-02
8.384867757558822632e-02
1.209350228309631348e-01
1.542050540447235107e-01
1.762916147708892822e-01
1.883263736963272095e-01
1.907995343208312988e-01
1.922614127397537231e-01
1.904152631759643555e-01
1.893661767244338989e-01
1.886307448148727417e-01
1.897369027137756348e-01
1.908121407032012939e-01
1.845812201499938965e-01
1.658652126789093018e-01
1.308612078428268433e-01
8.521851152181625366e-02
4.315044730901718140e-02
1.736100763082504272e-02
6.319641601294279099e-03
7.600256358273327351e-04
3.340288913022959605e-06
9.062554454430937767e-06
2.889820898417383432e-04
1.745085464790463448e-03
5.612488836050033569e-03
1.385701633989810944e-02
2.891545370221138000e-02
5.661569163203239441e-02
9.551835060119628906e-02
1.331027448177337646e-01
1.662083566188812256e-01
1.855765730142593384e-01
1.915977150201797485e-01
1.915682256221771240e-01
1.863354444503784180e-01
1.818105727434158325e-01
1.821188628673553467e-01
1.845881640911102295e-01
1.889452189207077026e-01
1.899384409189224243e-01
1.880085766315460205e-01
1.670095473527908325e-01
1.338503360748291016e-01
8.706648647785186768e-02
4.271064698696136475e-02
1.611736230552196503e-02
4.675230011343955994e-03
5.752797005698084831e-04
1.185354722110787407e-05
5.209174196352250874e-05
4.440245975274592638e-04
1.908860751427710056e-03
5.842393264174461365e-03
1.396041270345449448e-02
2.949256077408790588e-02
5.855327844619750977e-02
9.894540160894393921e-02
1.434109061956405640e-01
1.731221377849578857e-01
1.879217475652694702e-01
1.882493495941162109e-01
1.790592223405838013e-01
1.670657992362976074e-01
1.614935100078582764e-01
1.717657297849655151e-01
1.790835857391357422e-01
1.857064962387084961e-01
1.864712089300155640e-01
1.850474625825881958e-01
1.610548049211502075e-01
1.251628249883651733e-01
8.209685236215591431e-02
4.017996042966842651e-02
1.368427742272615433e-02
2.929849084466695786e-03
5.698206950910389423e-04
4.264670860720798373e-05
1.936448825290426612e-05
1.941210648510605097e-04
1.318134483881294727e-03
4.177919123321771622e-03
1.208831183612346649e-02
2.874869480729103088e-02
6.103403121232986450e-02
1.064261794090270996e-01
1.511776447296142578e-01
1.775009185075759888e-01
1.872420459985733032e-01
1.828903108835220337e-01
1.666516512632369995e-01
1.559688448905944824e-01
1.620462685823440552e-01
1.744615584611892700e-01
1.798155307769775391e-01
1.870811730623245239e-01
1.887623369693756104e-01
1.782433688640594482e-01
1.510222554206848145e-01
1.109790503978729248e-01
7.328563928604125977e-02
3.783785179257392883e-02
1.187343802303075790e-02
1.311556901782751083e-03
1.234382361872121692e-04
7.810711394995450974e-06
1.741550659062340856e-05
1.545738341519609094e-04
6.895369733683764935e-04
3.243073588237166405e-03
9.987685829401016235e-03
2.965217828750610352e-02
6.664545089006423950e-02
1.175358593463897705e-01
1.576602011919021606e-01
1.807416826486587524e-01
1.868832558393478394e-01
1.784801781177520752e-01
1.680130213499069214e-01
1.636501997709274292e-01
1.824829727411270142e-01
1.882700473070144653e-01
1.851569861173629761e-01
1.902709305286407471e-01
1.923318654298782349e-01
1.745789051055908203e-01
1.384828835725784302e-01
1.028106063604354858e-01
6.963202357292175293e-02
4.075511544942855835e-02
1.308006700128316879e-02
6.987181259319186211e-04
4.403121056384406984e-05
5.156761062607984059e-07
3.036687790114456220e-09
8.983676525531336665e-05
2.143561287084594369e-04
1.987296156585216522e-03
9.737824089825153351e-03
3.442815318703651428e-02
7.563849538564682007e-02
1.262433826923370361e-01
1.626656204462051392e-01
1.827361285686492920e-01
1.851743161678314209e-01
1.802846491336822510e-01
1.752052605152130127e-01
1.834241449832916260e-01
1.995407938957214355e-01
1.914610266685485840e-01
1.864420622587203979e-01
1.931151896715164185e-01
1.886732131242752075e-01
1.681979000568389893e-01
1.303717046976089478e-01
9.908139705657958984e-02
7.104254513978958130e-02
4.281542822718620300e-02
1.616037264466285706e-02
1.263298792764544487e-03
1.076824482879601419e-04
3.920842573279514909e-06
8.369223678528214805e-07
4.259428533259779215e-05
9.700645750854164362e-05
1.467393478378653526e-03
9.569536894559860229e-03
3.904222324490547180e-02
8.318808674812316895e-02
1.322117298841476440e-01
1.647850722074508667e-01
1.828466504812240601e-01
1.856365501880645752e-01
1.810877025127410889e-01
1.827839314937591553e-01
1.928505748510360718e-01
1.995011270046234131e-01
1.844961196184158325e-01
1.849403232336044312e-01
1.940858960151672363e-01
1.890675127506256104e-01
1.668365746736526489e-01
1.339674144983291626e-01
1.019062772393226624e-01
7.542418688535690308e-02
4.622188583016395569e-02
1.754477806389331818e-02
2.114119706675410271e-03
2.599844010546803474e-04
1.709911771285987925e-06
9.823458668734019739e-08
3.178630504407919943e-05
5.585482358583249152e-05
1.492348732426762581e-03
1.037234347313642502e-02
4.525066539645195007e-02
8.998324722051620483e-02
1.311293840408325195e-01
1.621868163347244263e-01
1.801868081092834473e-01
1.809089034795761108e-01
1.793339103460311890e-01
1.852454692125320435e-01
1.951087713241577148e-01
1.946908682584762573e-01
1.845024377107620239e-01
1.886486858129501343e-01
1.951482445001602173e-01
1.856166124343872070e-01
1.673917621374130249e-01
1.403686106204986572e-01
1.105272248387336731e-01
7.943350821733474731e-02
4.658449813723564148e-02
1.840911991894245148e-02
3.173936158418655396e-03
7.467243121936917305e-04
4.623557288141455501e-06
2.672340428944153246e-07
1.266621165996184573e-05
1.417246821802109480e-04
1.747683971188962460e-03
1.242293417453765869e-02
4.873146861791610718e-02
9.146706014871597290e-02
1.282355487346649170e-01
1.567889004945755005e-01
1.711115986108779907e-01
1.738424450159072876e-01
1.768824905157089233e-01
1.868460923433303833e-01
1.959228515625000000e-01
1.936421394348144531e-01
1.893129795789718628e-01
1.939089745283126831e-01
1.898770779371261597e-01
1.806023120880126953e-01
1.652190536260604858e-01
1.454997658729553223e-01
1.143352240324020386e-01
7.901450246572494507e-02
4.381739348173141479e-02
1.778794452548027039e-02
4.153557587414979935e-03
6.843004375696182251e-04
6.064284661988494918e-06
3.732678888201945711e-10
2.283519506818265654e-06
2.195581328123807907e-04
2.830577082931995392e-03
1.679706200957298279e-02
5.315886437892913818e-02
9.255979210138320923e-02
1.230416670441627502e-01
1.467058658599853516e-01
1.600376218557357788e-01
1.639061421155929565e-01
1.708012223243713379e-01
1.817133426666259766e-01
1.890598386526107788e-01
1.938830465078353882e-01
1.927551478147506714e-01
1.903293430805206299e-01
1.855322420597076416e-01
1.803516298532485962e-01
1.656550019979476929e-01
1.462637186050415039e-01
1.110844165086746216e-01
7.256506383419036865e-02
3.861682116985321045e-02
1.614497043192386627e-02
4.645509645342826843e-03
8.525617304258048534e-04
5.233152933215023950e-06
3.168869167069487958e-09
5.586600764218019322e-07
3.470982774160802364e-04
4.140014760196208954e-03
2.056551538407802582e-02
5.774515867233276367e-02
9.560985863208770752e-02
1.244484558701515198e-01
1.424334645271301270e-01
1.555363088846206665e-01
1.627563238143920898e-01
1.685515195131301880e-01
1.731046885251998901e-01
1.829338371753692627e-01
1.905977874994277954e-01
1.901074945926666260e-01
1.867464929819107056e-01
1.859519332647323608e-01
1.833771765232086182e-01
1.674734354019165039e-01
1.409880965948104858e-01
1.040191352367401123e-01
6.524522602558135986e-02
3.300218656659126282e-02
1.379027869552373886e-02
4.068650305271148682e-03
4.160270327702164650e-04
1.105433620978146791e-04
2.758119421741866972e-08
6.372011284838663414e-06
7.727954071015119553e-04
5.749560426920652390e-03
2.436203509569168091e-02
6.022822856903076172e-02
1.009535342454910278e-01
1.301572322845458984e-01
1.482417732477188110e-01
1.628352999687194824e-01
1.723461300134658813e-01
1.780831515789031982e-01
1.822211891412734985e-01
1.875858753919601440e-01
1.904314905405044556e-01
1.899569779634475708e-01
1.885037571191787720e-01
1.889326274394989014e-01
1.833191663026809692e-01
1.625953018665313721e-01
1.295324563980102539e-01
9.162435680627822876e-02
5.306037515401840210e-02
2.540176175534725189e-02
9.808196686208248138e-03
2.999748103320598602e-03
4.855675797443836927e-04
6.088991358410567045e-05
3.732678888201945711e-10
3.668242061394266784e-05
6.523237680085003376e-04
6.537043489515781403e-03
2.314047701656818390e-02
5.774842575192451477e-02
9.984090924263000488e-02
1.363429874181747437e-01
1.585850864648818970e-01
1.742647439241409302e-01
1.825555413961410522e-01
1.878942102193832397e-01
1.900847703218460083e-01
1.912150830030441284e-01
1.908687800168991089e-01
1.920213848352432251e-01
1.905849725008010864e-01
1.895770877599716187e-01
1.751909106969833374e-01
1.485905200242996216e-01
1.098882555961608887e-01
7.122182101011276245e-02
3.928802534937858582e-02
1.868052221834659576e-02
7.511545903980731964e-03
2.317888895049691200e-03
2.086972963297739625e-04
5.280825998710270142e-09
1.276838812458436223e-08
3.640167278717854060e-06
8.658146834932267666e-04
4.542318638414144516e-03
1.791713573038578033e-02
4.685426875948905945e-02
8.815924823284149170e-02
1.296096444129943848e-01
1.617106050252914429e-01
1.814427077770233154e-01
1.880542933940887451e-01
1.909825652837753296e-01
1.898021250963211060e-01
1.887457519769668579e-01
1.899676024913787842e-01
1.906644105911254883e-01
1.894026845693588257e-01
1.801049858331680298e-01
1.548547893762588501e-01
1.199573799967765808e-01
7.932559400796890259e-02
4.635800421237945557e-02
2.379188127815723419e-02
1.150779612362384796e-02
4.212367348372936249e-03
1.170718576759099960e-03
1.053894375218078494e-04
2.865744761493260739e-07
1.200579902160825441e-08
7.882642982792731345e-09
6.079340819269418716e-04
2.658186480402946472e-03
1.057523488998413086e-02
2.925588190555572510e-02
6.228267773985862732e-02
1.055405437946319580e-01
1.439628452062606812e-01
1.747875511646270752e-01
1.922183334827423096e-01
1.961516886949539185e-01
1.948589235544204712e-01
1.940944641828536987e-01
1.947608739137649536e-01
1.918485313653945923e-01
1.805869191884994507e-01
1.533499062061309814e-01
1.175722777843475342e-01
8.038851618766784668e-02
4.870128259062767029e-02
2.552413754165172577e-02
1.292836200445890427e-02
5.849468521773815155e-03
1.618955982849001884e-03
3.862401354126632214e-04
1.690418139332905412e-05
9.758285841598990373e-07
3.732678888201945711e-10
3.732678888201945711e-10
5.623410834232345223e-05
6.632312433794140816e-04
4.543974529951810837e-03
1.323562394827604294e-02
3.125593066215515137e-02
6.294922530651092529e-02
1.038524881005287170e-01
1.413219273090362549e-01
1.682259440422058105e-01
1.839480549097061157e-01
1.874792426824569702e-01
1.867272108793258667e-01
1.799545884132385254e-01
1.663423329591751099e-01
1.387326717376708984e-01
1.053936332464218140e-01
7.077801227569580078e-02
4.511550068855285645e-02
2.597588114440441132e-02
1.305466983467340469e-02
6.566073745489120483e-03
2.448835643008351326e-03
7.390366517938673496e-04
1.288564671995118260e-04
1.114576571126235649e-05
3.732678888201945711e-10
3.732678888201945711e-10
3.732678888201945711e-10
4.038832685182569548e-06
1.896415051305666566e-04
1.178131555207073689e-03
3.966643474996089935e-03
1.082600653171539307e-02
2.416007034480571747e-02
4.652171209454536438e-02
7.769213616847991943e-02
1.030643880367279053e-01
1.209683865308761597e-01
1.245005577802658081e-01
1.246060878038406372e-01
1.144691556692123413e-01
9.642149507999420166e-02
7.446506619453430176e-02
5.458392575383186340e-02
3.622756525874137878e-02
2.322998642921447754e-02
1.198080275207757950e-02
5.537367891520261765e-03
2.920675324276089668e-03
1.162302098236978054e-03
3.271768509875983000e-04
3.035920053662266582e-05
1.119704620577977039e-06
3.732678888201945711e-10
3.732678888201945711e-10
3.732678888201945711e-10
2.473291793592125032e-09
3.525911597535014153e-05
1.586228027008473873e-04
1.091735553927719593e-03
3.430314362049102783e-03
9.378215298056602478e-03
2.078573405742645264e-02
3.098914772272109985e-02
4.204997047781944275e-02
4.732208326458930969e-02
5.197917670011520386e-02
5.265359953045845032e-02
4.756916314363479614e-02
4.063337668776512146e-02
3.138479962944984436e-02
2.387449890375137329e-02
1.737908087670803070e-02
1.064588874578475952e-02
5.154570098966360092e-03
2.514884807169437408e-03
1.295380177907645702e-03
7.539520156569778919e-04
2.359498030273243785e-04
6.390463909156096634e-07
9.111766416936006863e-07
3.732678888201945711e-10
3.732678888201945711e-10
3.732678888201945711e-10
3.732678888201945711e-10
1.692793830443406478e-06
1.133570331148803234e-04
4.204856522846966982e-04
1.376632484607398510e-03
4.063264932483434677e-03
8.195054717361927032e-03
1.098653208464384079e-02
1.522302906960248947e-02
1.801832392811775208e-02
1.845517754554748535e-02
1.861357316374778748e-02
1.825775206089019775e-02
1.334337703883647919e-02
1.152797229588031769e-02
8.913150057196617126e-03
5.185513291507959366e-03
3.200768725946545601e-03
1.570597756654024124e-03
5.717087187804281712e-04
5.715430597774684429e-05
1.463903572584968060e-05
9.579145476834582951e-09
4.299367049043212319e-07
3.732678888201945711e-10
3.732678888201945711e-10
3.732678888201945711e-10
3.732678888201945711e-10
3.732678888201945711e-10
3.732678888201945711e-10
1.568020735476238769e-07
3.977310552727431059e-05
5.176891863811761141e-05
6.620678323088213801e-05
2.990764915011823177e-04
7.557966164313256741e-04
4.798528971150517464e-04
8.652156102471053600e-04
1.359067275188863277e-03
2.279686741530895233e-03
2.433399204164743423e-03
1.780465710908174515e-03
1.267040614038705826e-03
1.171473064459860325e-03
7.424736395478248596e-04
2.464011195115745068e-04
1.467002439312636852e-04
4.491882282309234142e-05
7.354242939072719309e-07
8.720329347511324158e-09
3.732678888201945711e-10
3.732678888201945711e-10
3.732678888201945711e-10
3.732678888201945711e-10
