# (784,)
1.000000000000000000e+00
1.000000000000000000e+00
1.000000000000000000e+00
1.000000000000000000e+00
1.000000000000000000e+00
1.000000000000000000e+00
1.000000000000000000e+00
1.000000000000000000e+00
1.000000000000000000e+00
1.000000000000000000e+00
1.000000000000000000e+00
1.000000000000000000e+00
1.010282635688781738e+00
1.020856857299804688e+00
9.883143305778503418e-01
9.916275739669799805e-01
1.000000000000000000e+00
1.000000000000000000e+00
1.000000000000000000e+00
1.000000000000000000e+00
1.000000000000000000e+00
1.000000000000000000e+00
1.000000000000000000e+00
1.000000000000000000e+00
1.000000000000000000e+00
1.000000000000000000e+00
1.000000000000000000e+00
1.000000000000000000e+00
1.000000000000000000e+00
1.000000000000000000e+00
1.000000000000000000e+00
1.000000000000000000e+00
1.032738924026489258e+00
9.936131834983825684e-01
1.066453814506530762e+00
1.064402341842651367e+00
1.048088908195495605e+00
9.843925237655639648e-01
1.081514954566955566e+00
1.067655086517333984e+00
1.060912132263183594e+00
1.074465513229370117e+00
9.803236126899719238e-01
9.613929986953735352e-01
9.498785138130187988e-01
9.409076571464538574e-01
1.068367362022399902e+00
1.081941962242126465e+00
1.081858754158020020e+00
1.071765422821044922e+00
1.031887888908386230e+00
9.509718418121337891e-01
1.000000000000000000e+00
1.000000000000000000e+00
1.000000000000000000e+00
1.000000000000000000e+00
1.000000000000000000e+00
1.000000000000000000e+00
1.025274157524108887e+00
9.713981747627258301e-01
9.989004135131835938e-01
9.825574159622192383e-01
9.672324061393737793e-01
1.046218872070312500e+00
1.043071389198303223e+00
1.113387823104858398e+00
1.065579891204833984e+00
1.037075757980346680e+00
1.043683290481567383e+00
1.051819205284118652e+00
9.987168908119201660e-01
1.011388063430786133e+00
1.015276789665222168e+00
1.031277060508728027e+00
1.061946988105773926e+00
1.070266604423522949e+00
1.124009728431701660e+00
1.084550857543945312e+00
1.085852146148681641e+00
1.047598123550415039e+00
9.790600538253784180e-01
9.862772226333618164e-01
1.000000000000000000e+00
1.000000000000000000e+00
1.000000000000000000e+00
1.000000000000000000e+00
1.033558845520019531e+00
9.934229254722595215e-01
9.613686800003051758e-01
9.490746855735778809e-01
9.350644946098327637e-01
9.988825321197509766e-01
9.674561619758605957e-01
9.493163228034973145e-01
9.970853924751281738e-01
9.879983067512512207e-01
9.928339719772338867e-01
9.146615266799926758e-01
9.360488653182983398e-01
9.410167336463928223e-01
1.003666758537292480e+00
9.454352259635925293e-01
9.845492243766784668e-01
9.656354188919067383e-01
9.246430397033691406e-01
9.821204543113708496e-01
9.877800345420837402e-01
1.007496356964111328e+00
9.423555135726928711e-01
9.429820179939270020e-01
1.046749711036682129e+00
1.000000000000000000e+00
1.000000000000000000e+00
9.548598527908325195e-01
1.021580338478088379e+00
1.014419555664062500e+00
9.337557554244995117e-01
9.639324545860290527e-01
8.943068981170654297e-01
9.187739491462707520e-01
8.963212370872497559e-01
9.376288056373596191e-01
8.928068280220031738e-01
8.952439427375793457e-01
8.755562305450439453e-01
9.455645084381103516e-01
9.876723289489746094e-01
9.357003569602966309e-01
9.628735780715942383e-01
9.332080483436584473e-01
9.062026739120483398e-01
8.528379201889038086e-01
8.449090719223022461e-01
7.957606315612792969e-01
7.941563129425048828e-01
8.971437811851501465e-01
9.093319773674011230e-01
9.615624547004699707e-01
9.200568199157714844e-01
9.873709678649902344e-01
1.000000000000000000e+00
1.000000000000000000e+00
9.589442014694213867e-01
9.053968191146850586e-01
9.093686938285827637e-01
8.551084995269775391e-01
8.421284556388854980e-01
8.236901164054870605e-01
8.450027704238891602e-01
8.727852106094360352e-01
9.269107580184936523e-01
9.347879886627197266e-01
1.024237871170043945e+00
1.052623629570007324e+00
1.088444471359252930e+00
1.071040272712707520e+00
1.052406072616577148e+00
1.049446463584899902e+00
9.795432686805725098e-01
8.746611475944519043e-01
9.258351922035217285e-01
8.700448870658874512e-01
8.555572032928466797e-01
8.681073784828186035e-01
8.942878246307373047e-01
9.042323231697082520e-01
9.602496027946472168e-01
9.934659004211425781e-01
1.000000000000000000e+00
1.031223416328430176e+00
9.822402596473693848e-01
9.753158688545227051e-01
8.327939510345458984e-01
8.752497434616088867e-01
8.852980732917785645e-01
8.591393232345581055e-01
9.774096608161926270e-01
1.008208155632019043e+00
1.009888291358947754e+00
1.003501176834106445e+00
9.684959650039672852e-01
1.085920095443725586e+00
1.066665410995483398e+00
1.098390817642211914e+00
1.042437672615051270e+00
1.059538483619689941e+00
9.924263954162597656e-01
1.039508819580078125e+00
1.048873066902160645e+00
9.761056303977966309e-01
9.891643524169921875e-01
9.200956821441650391e-01
1.007205009460449219e+00
9.198617339134216309e-01
9.734290242195129395e-01
9.912161827087402344e-01
9.989356994628906250e-01
1.077839136123657227e+00
9.876085519790649414e-01
9.600468277931213379e-01
8.582870364189147949e-01
8.030713796615600586e-01
9.116232991218566895e-01
9.524911046028137207e-01
1.013023138046264648e+00
1.134452700614929199e+00
1.033010601997375488e+00
9.493435621261596680e-01
1.055987000465393066e+00
1.017790079116821289e+00
1.137666225433349609e+00
1.032598733901977539e+00
1.127071619033813477e+00
1.016829609870910645e+00
1.008401870727539062e+00
1.011150836944580078e+00
1.010261654853820801e+00
9.991064667701721191e-01
9.824211597442626953e-01
9.522170424461364746e-01
8.894854784011840820e-01
9.559340476989746094e-01
9.269711375236511230e-01
1.000661373138427734e+00
1.006068348884582520e+00
1.064658761024475098e+00
9.473873972892761230e-01
9.011991620063781738e-01
8.273338079452514648e-01
8.381141424179077148e-01
9.265910983085632324e-01
1.050950050354003906e+00
1.072473764419555664e+00
1.079174876213073730e+00
1.002352118492126465e+00
1.070235371589660645e+00
1.066956639289855957e+00
1.179870724678039551e+00
1.091286182403564453e+00
1.111979722976684570e+00
1.104483246803283691e+00
1.055000066757202148e+00
1.020169496536254883e+00
1.054649949073791504e+00
1.149693369865417480e+00
1.085170865058898926e+00
9.870986342430114746e-01
9.582622647285461426e-01
9.543871283531188965e-01
9.888655543327331543e-01
9.837684035301208496e-01
9.653911590576171875e-01
1.035178661346435547e+00
9.859501719474792480e-01
9.800072312355041504e-01
9.515915513038635254e-01
9.313034415245056152e-01
9.679068326950073242e-01
9.406130313873291016e-01
1.033735752105712891e+00
1.115777492523193359e+00
1.009530425071716309e+00
1.023271322250366211e+00
1.007865905761718750e+00
1.114620804786682129e+00
1.067051887512207031e+00
1.135738015174865723e+00
1.121369719505310059e+00
1.172863006591796875e+00
1.176272630691528320e+00
1.098196268081665039e+00
1.101905107498168945e+00
1.137160539627075195e+00
1.057193279266357422e+00
9.757757186889648438e-01
9.148504137992858887e-01
9.015347957611083984e-01
9.664153456687927246e-01
1.008731961250305176e+00
9.870159626007080078e-01
1.049834609031677246e+00
9.677709341049194336e-01
1.000230550765991211e+00
9.167144894599914551e-01
8.797320127487182617e-01
8.434560894966125488e-01
9.511926770210266113e-01
1.004487633705139160e+00
1.083921909332275391e+00
1.076881527900695801e+00
1.094488024711608887e+00
1.141208291053771973e+00
1.157633781433105469e+00
1.063320398330688477e+00
1.072720289230346680e+00
1.107496619224548340e+00
1.143203616142272949e+00
1.006131768226623535e+00
1.026091337203979492e+00
1.121087431907653809e+00
1.158724904060363770e+00
1.032284617424011230e+00
1.009279727935791016e+00
9.607139229774475098e-01
9.674775004386901855e-01
9.607331156730651855e-01
1.030886650085449219e+00
9.972307085990905762e-01
9.849144220352172852e-01
9.821411371231079102e-01
9.384586215019226074e-01
8.784697055816650391e-01
8.285632133483886719e-01
8.636112213134765625e-01
9.955515861511230469e-01
9.849632382392883301e-01
1.116683959960937500e+00
1.042952775955200195e+00
1.077495455741882324e+00
1.101554870605468750e+00
1.223382949829101562e+00
1.017336606979370117e+00
1.143672466278076172e+00
1.054807782173156738e+00
1.083315610885620117e+00
1.067414045333862305e+00
1.150151968002319336e+00
1.139984488487243652e+00
1.203738331794738770e+00
1.106296539306640625e+00
1.033786177635192871e+00
1.036699175834655762e+00
9.517068862915039062e-01
9.235844016075134277e-01
1.018841743469238281e+00
1.009818911552429199e+00
9.974242448806762695e-01
9.764572381973266602e-01
1.040971994400024414e+00
1.002767443656921387e+00
8.830097913742065430e-01
9.188821911811828613e-01
9.702473282814025879e-01
1.026848196983337402e+00
1.132939338684082031e+00
1.117335796356201172e+00
1.085361719131469727e+00
1.113025426864624023e+00
1.088034510612487793e+00
1.011164426803588867e+00
1.171041131019592285e+00
1.109789133071899414e+00
1.194265365600585938e+00
1.120018959045410156e+00
1.100178241729736328e+00
1.098485469818115234e+00
1.095332741737365723e+00
1.016550660133361816e+00
1.062451839447021484e+00
9.826746582984924316e-01
9.398100972175598145e-01
9.367313385009765625e-01
9.382209181785583496e-01
9.625074863433837891e-01
9.557085037231445312e-01
9.616503715515136719e-01
1.040449380874633789e+00
1.001111745834350586e+00
9.147108793258666992e-01
9.000089168548583984e-01
9.875718951225280762e-01
1.001350283622741699e+00
1.011774301528930664e+00
9.823971390724182129e-01
1.045973658561706543e+00
1.071283102035522461e+00
1.109723448753356934e+00
1.115943431854248047e+00
1.396199941635131836e+00
1.111502528190612793e+00
1.106467843055725098e+00
1.159755825996398926e+00
1.032646179199218750e+00
1.074905276298522949e+00
9.173086881637573242e-01
9.500079154968261719e-01
1.039015769958496094e+00
9.813951253890991211e-01
9.918658137321472168e-01
9.731648564338684082e-01
1.041700124740600586e+00
1.067397356033325195e+00
9.670017361640930176e-01
9.774841070175170898e-01
1.029604315757751465e+00
9.311490058898925781e-01
8.159114718437194824e-01
8.971711397171020508e-01
9.891598820686340332e-01
1.113201975822448730e+00
1.127617120742797852e+00
1.069264888763427734e+00
1.007907629013061523e+00
1.067814469337463379e+00
1.096760869026184082e+00
1.202475786209106445e+00
1.234465599060058594e+00
9.849757552146911621e-01
1.068006515502929688e+00
1.162696480751037598e+00
9.303246736526489258e-01
1.001079916954040527e+00
9.273959994316101074e-01
9.142887592315673828e-01
9.031003117561340332e-01
9.342427849769592285e-01
9.701811075210571289e-01
9.371948838233947754e-01
1.028418064117431641e+00
1.027034640312194824e+00
1.002629876136779785e+00
1.004582762718200684e+00
9.850769042968750000e-01
8.734254837036132812e-01
8.278084397315979004e-01
9.094123840332031250e-01
9.319792389869689941e-01
1.010506868362426758e+00
1.139796495437622070e+00
1.016258478164672852e+00
1.187943100929260254e+00
1.125415563583374023e+00
1.138179302215576172e+00
1.313967823982238770e+00
1.145237565040588379e+00
9.956735372543334961e-01
1.039748430252075195e+00
1.026798963546752930e+00
9.613914489746093750e-01
9.163282513618469238e-01
9.036930203437805176e-01
8.858743906021118164e-01
8.504809141159057617e-01
9.224545955657958984e-01
9.632390141487121582e-01
9.618048667907714844e-01
1.076796650886535645e+00
1.065051555633544922e+00
1.008633732795715332e+00
1.025557398796081543e+00
1.022433757781982422e+00
9.912931919097900391e-01
8.282808065414428711e-01
9.043018221855163574e-01
9.630975723266601562e-01
1.096996188163757324e+00
1.202705502510070801e+00
1.093400478363037109e+00
1.171804189682006836e+00
1.170895099639892578e+00
1.194485902786254883e+00
1.239373207092285156e+00
1.057061195373535156e+00
1.039416193962097168e+00
9.441811442375183105e-01
9.105893969535827637e-01
9.067342281341552734e-01
9.386394619941711426e-01
9.294090867042541504e-01
9.489743113517761230e-01
9.253891706466674805e-01
9.295125603675842285e-01
9.049084782600402832e-01
1.061291694641113281e+00
1.202685475349426270e+00
1.072880506515502930e+00
1.000000000000000000e+00
1.032916426658630371e+00
1.044109940528869629e+00
9.202731251716613770e-01
8.349662423133850098e-01
9.316851496696472168e-01
9.846376180648803711e-01
1.049054980278015137e+00
1.157024741172790527e+00
1.158174514770507812e+00
1.292603373527526855e+00
1.181920647621154785e+00
1.274089097976684570e+00
1.157477974891662598e+00
1.093726277351379395e+00
1.095347523689270020e+00
9.193270206451416016e-01
9.297198653221130371e-01
8.659314513206481934e-01
9.445467591285705566e-01
8.994041681289672852e-01
9.584141969680786133e-01
9.314774870872497559e-01
8.610792756080627441e-01
8.695635795593261719e-01
1.047954797744750977e+00
1.095848441123962402e+00
1.036279320716857910e+00
9.848933815956115723e-01
9.835752844810485840e-01
9.293252229690551758e-01
9.235718846321105957e-01
7.971758246421813965e-01
8.578730821609497070e-01
1.034047722816467285e+00
1.076534271240234375e+00
1.175353646278381348e+00
1.133531332015991211e+00
1.180127859115600586e+00
1.143057465553283691e+00
1.132891654968261719e+00
1.075112938880920410e+00
9.858643412590026855e-01
9.256381988525390625e-01
8.586186766624450684e-01
9.355126023292541504e-01
8.783659934997558594e-01
9.651768207550048828e-01
9.903347492218017578e-01
1.012478232383728027e+00
9.851640462875366211e-01
9.484904408454895020e-01
9.600516557693481445e-01
9.648256301879882812e-01
9.555894136428833008e-01
9.489488005638122559e-01
1.007980704307556152e+00
1.012519359588623047e+00
9.525393247604370117e-01
9.448841214179992676e-01
8.679672479629516602e-01
9.604377150535583496e-01
1.006891965866088867e+00
9.672118425369262695e-01
1.000938177108764648e+00
1.106108546257019043e+00
1.099848031997680664e+00
1.095461487770080566e+00
9.640328884124755859e-01
9.411668181419372559e-01
8.870310783386230469e-01
9.866480231285095215e-01
8.858204483985900879e-01
9.093926548957824707e-01
1.000844120979309082e+00
9.700313806533813477e-01
1.045109272003173828e+00
9.958220124244689941e-01
9.742217659950256348e-01
9.481636881828308105e-01
9.754778742790222168e-01
9.747270941734313965e-01
1.050798773765563965e+00
9.607083797454833984e-01
1.000000000000000000e+00
9.568397998809814453e-01
9.554796218872070312e-01
9.215807318687438965e-01
8.341822624206542969e-01
8.426960706710815430e-01
9.622424840927124023e-01
9.711564779281616211e-01
1.035888433456420898e+00
9.685654640197753906e-01
1.062249064445495605e+00
9.583386182785034180e-01
9.301226735115051270e-01
9.530444741249084473e-01
9.747558832168579102e-01
9.822732806205749512e-01
9.647031426429748535e-01
9.461621642112731934e-01
1.007390856742858887e+00
1.088734745979309082e+00
1.012151360511779785e+00
1.020784974098205566e+00
9.157696366310119629e-01
9.510618448257446289e-01
9.655017852783203125e-01
9.818577170372009277e-01
9.803145527839660645e-01
9.879726171493530273e-01
9.972480535507202148e-01
9.520830512046813965e-01
1.043389081954956055e+00
9.621950984001159668e-01
8.506417274475097656e-01
8.297820687294006348e-01
8.811281323432922363e-01
9.530604481697082520e-01
8.984686136245727539e-01
9.549817442893981934e-01
8.172009587287902832e-01
9.279059767723083496e-01
9.344522953033447266e-01
9.549752473831176758e-01
1.014384388923645020e+00
1.039659857749938965e+00
9.990111589431762695e-01
9.339342117309570312e-01
1.084990620613098145e+00
1.078207969665527344e+00
1.022716045379638672e+00
9.104490876197814941e-01
9.431941509246826172e-01
9.351521730422973633e-01
8.934926986694335938e-01
9.079796671867370605e-01
9.744580388069152832e-01
1.002583861351013184e+00
9.837977290153503418e-01
1.005559206008911133e+00
9.707724452018737793e-01
9.629855751991271973e-01
8.747200965881347656e-01
8.495014309883117676e-01
8.358381986618041992e-01
9.220221638679504395e-01
9.211636781692504883e-01
1.002184510231018066e+00
9.453115463256835938e-01
9.897753596305847168e-01
9.374296069145202637e-01
9.208226799964904785e-01
8.862526416778564453e-01
9.748827815055847168e-01
9.321660995483398438e-01
8.889775872230529785e-01
9.265496730804443359e-01
9.882745146751403809e-01
8.860206604003906250e-01
8.690728545188903809e-01
9.371387362480163574e-01
9.181016683578491211e-01
9.574347138404846191e-01
9.141392707824707031e-01
9.246216416358947754e-01
1.039830923080444336e+00
1.000000000000000000e+00
1.000000000000000000e+00
9.507943987846374512e-01
9.060875773429870605e-01
8.459761738777160645e-01
8.107506036758422852e-01
8.428158164024353027e-01
8.809606432914733887e-01
9.060632586479187012e-01
1.003729462623596191e+00
9.799509048461914062e-01
9.991722702980041504e-01
9.849495291709899902e-01
1.012948036193847656e+00
1.007403969764709473e+00
1.013371348381042480e+00
9.096864461898803711e-01
8.766911029815673828e-01
8.566015958786010742e-01
8.578220605850219727e-01
8.981255292892456055e-01
9.089986085891723633e-01
8.987066745758056641e-01
8.365812301635742188e-01
8.781951069831848145e-01
9.270634651184082031e-01
9.538229107856750488e-01
1.000000000000000000e+00
1.000000000000000000e+00
1.000000000000000000e+00
9.589866995811462402e-01
1.000208139419555664e+00
9.540129303932189941e-01
9.464428424835205078e-01
8.363978266716003418e-01
8.349959254264831543e-01
7.954797744750976562e-01
8.814418911933898926e-01
8.842027783393859863e-01
9.100663661956787109e-01
9.415211677551269531e-01
9.158222675323486328e-01
1.002161741256713867e+00
9.469355344772338867e-01
9.188621044158935547e-01
8.908846378326416016e-01
8.746637701988220215e-01
9.619177579879760742e-01
9.068469405174255371e-01
8.889914155006408691e-01
9.407387971878051758e-01
9.831353425979614258e-01
9.128471612930297852e-01
9.765663146972656250e-01
9.696037173271179199e-01
1.000000000000000000e+00
1.000000000000000000e+00
1.000000000000000000e+00
1.004569530487060547e+00
9.975269436836242676e-01
9.990195631980895996e-01
1.066536307334899902e+00
9.769774675369262695e-01
9.529344439506530762e-01
9.625605940818786621e-01
9.591192603111267090e-01
9.298967123031616211e-01
9.925390481948852539e-01
9.655562639236450195e-01
9.549803137779235840e-01
9.437982439994812012e-01
9.501258730888366699e-01
9.545994997024536133e-01
9.632605910301208496e-01
9.155794382095336914e-01
9.475867152214050293e-01
1.056393265724182129e+00
1.019916057586669922e+00
1.019128203392028809e+00
9.692692160606384277e-01
9.678702950477600098e-01
9.694203734397888184e-01
9.647116065025329590e-01
1.000000000000000000e+00
1.000000000000000000e+00
1.000000000000000000e+00
1.000000000000000000e+00
9.978170990943908691e-01
1.031213760375976562e+00
9.646339416503906250e-01
1.009712696075439453e+00
1.048266172409057617e+00
9.983286857604980469e-01
1.018179893493652344e+00
9.977310895919799805e-01
9.785557389259338379e-01
9.961565732955932617e-01
9.468178749084472656e-01
1.012183904647827148e+00
1.015879154205322266e+00
1.015286445617675781e+00
9.560416340827941895e-01
9.857909083366394043e-01
9.877594113349914551e-01
9.829000830650329590e-01
1.008660316467285156e+00
9.679614305496215820e-01
9.752728343009948730e-01
1.000092744827270508e+00
1.004221677780151367e+00
1.000000000000000000e+00
1.000000000000000000e+00
1.000000000000000000e+00
1.000000000000000000e+00
1.000000000000000000e+00
1.000000000000000000e+00
1.030131101608276367e+00
9.902164936065673828e-01
1.007515430450439453e+00
1.038966059684753418e+00
1.033191442489624023e+00
1.075838804244995117e+00
1.061645388603210449e+00
1.054854750633239746e+00
1.045708417892456055e+00
1.079458832740783691e+00
1.087866544723510742e+00
1.071012020111083984e+00
1.030085921287536621e+00
1.009337782859802246e+00
9.727950692176818848e-01
9.337112307548522949e-01
1.067487716674804688e+00
1.034067511558532715e+00
1.045850276947021484e+00
9.535453915596008301e-01
1.000000000000000000e+00
1.000000000000000000e+00
1.000000000000000000e+00
1.000000000000000000e+00
