# (32, 10)
-2.082514017820358276e-01
-1.369457691907882690e-02
1.796844750642776489e-01
1.696643829345703125e-01
-1.728719323873519897e-01
-1.539962440729141235e-01
-2.680843770503997803e-01
1.805406957864761353e-01
-1.392894387245178223e-01
-1.304919570684432983e-01
-2.336777746677398682e-01
-2.398172020912170410e-01
-1.398152261972427368e-01
-2.797591388225555420e-01
1.466837972402572632e-01
-2.029748409986495972e-01
1.584313511848449707e-01
2.053510695695877075e-01
1.528521180152893066e-01
-1.460710316896438599e-01
7.291194051504135132e-02
-2.533720433712005615e-01
-2.678873836994171143e-01
-3.128699064254760742e-01
1.124772280454635620e-01
-2.094838395714759827e-02
1.223144084215164185e-01
5.375887081027030945e-02
-1.984147876501083374e-01
1.115946248173713684e-01
1.257905662059783936e-01
-1.980680078268051147e-01
8.561456203460693359e-02
-1.858374029397964478e-01
9.201220422983169556e-02
-1.819890737533569336e-01
1.402409821748733521e-01
-2.536536753177642822e-01
1.074922084808349609e-01
-1.771395057439804077e-01
9.367930144071578979e-02
-3.023622930049896240e-01
-2.733461260795593262e-01
-1.794027090072631836e-01
-2.851958572864532471e-01
1.056681573390960693e-01
1.061647236347198486e-01
7.654317468404769897e-02
-1.813594698905944824e-01
-1.925896555185317993e-01
-2.560681700706481934e-01
1.791878938674926758e-01
-1.830011606216430664e-01
1.560404002666473389e-01
1.596687436103820801e-01
-2.394527792930603027e-01
-1.801477372646331787e-01
-1.646779626607894897e-01
1.332101672887802124e-01
-2.068403959274291992e-01
1.014200896024703979e-01
-2.725180387496948242e-01
-1.763416826725006104e-01
1.151873469352722168e-01
-2.936360836029052734e-01
1.179432198405265808e-01
-2.396290302276611328e-01
8.121149241924285889e-02
4.067019745707511902e-02
8.125177025794982910e-02
-3.021596670150756836e-01
8.943516761064529419e-02
-2.271918207406997681e-01
-3.047071695327758789e-01
9.319355338811874390e-02
-2.613868415355682373e-01
-1.757353097200393677e-01
8.074874430894851685e-02
-2.445213645696640015e-01
6.216595321893692017e-02
1.595643013715744019e-01
-1.039795801043510437e-01
1.698468476533889771e-01
-1.290776133537292480e-01
1.231757700443267822e-01
-3.115973174571990967e-01
-1.615421026945114136e-01
1.898816972970962524e-01
-2.999989986419677734e-01
-1.430295407772064209e-01
-2.914137542247772217e-01
-2.222252786159515381e-01
1.101247817277908325e-01
-1.630079895257949829e-01
1.585640758275985718e-01
1.553206294775009155e-01
-1.887190341949462891e-01
-1.636940389871597290e-01
1.286972910165786743e-01
1.657715290784835815e-01
1.363229155540466309e-01
-2.645682096481323242e-01
-2.393768727779388428e-01
1.135762557387351990e-01
1.416702568531036377e-01
-1.968815028667449951e-01
-2.970463335514068604e-01
-1.090037971735000610e-01
-2.537041902542114258e-01
1.593156605958938599e-01
-2.960910797119140625e-01
-4.531598091125488281e-02
9.690088778734207153e-02
8.736772090196609497e-02
8.418709784746170044e-02
-2.324962764978408813e-01
-3.298813998699188232e-01
1.072773039340972900e-01
-2.546186447143554688e-01
7.641616463661193848e-02
-1.429338157176971436e-01
2.146910279989242554e-01
-2.125142663717269897e-01
1.773615479469299316e-01
-6.728844344615936279e-02
-1.378825008869171143e-01
-2.268100082874298096e-01
-1.538993567228317261e-01
2.197870463132858276e-01
2.670065164566040039e-01
-1.441876590251922607e-01
1.908843666315078735e-01
-1.013239547610282898e-01
-1.125891134142875671e-01
-1.423825323581695557e-01
-2.226630449295043945e-01
-1.738904863595962524e-01
1.897908747196197510e-01
-1.719190776348114014e-01
-1.326419115066528320e-01
-1.753363758325576782e-01
1.273345798254013062e-01
-2.445197850465774536e-01
1.058299019932746887e-01
-2.187634706497192383e-01
1.400474607944488525e-01
9.205466508865356445e-02
-2.374518662691116333e-01
-1.750091761350631714e-01
-2.088881731033325195e-01
1.215804181993007660e-02
6.189729645848274231e-02
-1.081518903374671936e-01
-1.218233108520507812e-01
-5.503298714756965637e-02
-5.739012733101844788e-02
2.087978459894657135e-02
8.019334077835083008e-02
1.932174563407897949e-01
-1.009494662284851074e-01
1.676306128501892090e-01
-1.603120714426040649e-01
1.530478894710540771e-01
-1.547484248876571655e-01
1.326719373464584351e-01
1.731794923543930054e-01
-1.208102256059646606e-01
-2.358435243368148804e-01
1.856572628021240234e-01
-1.590338945388793945e-01
2.232221327722072601e-02
4.995856434106826782e-02
-5.850692093372344971e-02
-9.002163261175155640e-02
-2.710083499550819397e-02
-7.245961576700210571e-02
3.393131541088223457e-03
1.623321622610092163e-01
9.874729812145233154e-02
5.497247353196144104e-02
-1.999999284744262695e-01
-2.469442635774612427e-01
-3.113302588462829590e-01
1.226089820265769958e-01
1.035878881812095642e-01
1.324951350688934326e-01
1.448159962892532349e-01
-2.350045144557952881e-01
1.063558831810951233e-01
-2.063182592391967773e-01
1.845655217766761780e-02
-2.898496575653553009e-02
1.468314230442047119e-01
-7.344757765531539917e-02
-5.248986557126045227e-02
-6.046414375305175781e-02
-3.407560288906097412e-02
-1.574349850416183472e-01
-7.384406775236129761e-02
4.535685852169990540e-02
9.996944665908813477e-02
1.125712320208549500e-01
1.101036220788955688e-01
-2.182492166757583618e-01
-1.806834638118743896e-01
-2.771307826042175293e-01
-2.626008093357086182e-01
7.596535235643386841e-02
5.398622155189514160e-02
6.321114301681518555e-02
-2.409723848104476929e-01
1.566585302352905273e-01
-8.589918911457061768e-02
1.609473079442977905e-01
-3.205600380897521973e-01
1.493828743696212769e-01
-1.944130659103393555e-01
1.394806802272796631e-01
1.247505992650985718e-01
-1.963467597961425781e-01
1.146632730960845947e-01
1.305557936429977417e-01
-1.755502969026565552e-01
-3.139349818229675293e-01
8.992244303226470947e-02
-1.724878400564193726e-01
1.327572017908096313e-01
-2.864590287208557129e-01
8.511051535606384277e-02
-1.826166957616806030e-01
-1.614577621221542358e-01
1.123237833380699158e-01
1.080506071448326111e-01
-2.144896090030670166e-01
8.814778923988342285e-02
-1.873061954975128174e-01
8.971081674098968506e-02
-1.389735043048858643e-01
-1.692820042371749878e-01
-3.290508091449737549e-01
-2.006341367959976196e-01
-1.404354721307754517e-01
1.803636699914932251e-01
1.632627695798873901e-01
-1.971411705017089844e-01
-1.526062041521072388e-01
1.953812837600708008e-01
1.748436838388442993e-01
1.640972495079040527e-01
-2.130795866250991821e-01
1.149489358067512512e-01
-3.127186298370361328e-01
-2.776595354080200195e-01
8.922243863344192505e-02
-2.439115047454833984e-01
1.492286622524261475e-01
1.243630051612854004e-01
-3.362877964973449707e-01
1.119557097554206848e-01
1.087414547801017761e-01
-1.776220798492431641e-01
-1.563039273023605347e-01
1.608789116144180298e-01
1.316176354885101318e-01
-2.721887826919555664e-01
-1.560873389244079590e-01
-2.093018442392349243e-01
-5.932558700442314148e-02
1.636325418949127197e-01
1.154516935348510742e-01
1.302440464496612549e-01
-2.109399884939193726e-01
8.705206960439682007e-02
1.329239457845687866e-01
-3.387322127819061279e-01
-1.730827391147613525e-01
-2.524718344211578369e-01
-2.075391858816146851e-01
-2.593531608581542969e-01
-2.287001758813858032e-01
8.074922859668731689e-02
7.059308141469955444e-02
4.918865859508514404e-02
-2.773430943489074707e-01
-1.295887231826782227e-01
-2.775852382183074951e-01
5.572084710001945496e-02
-2.275942564010620117e-01
-2.345135509967803955e-01
-2.587935030460357666e-01
-2.664297521114349365e-01
-1.594098806381225586e-01
-2.077301740646362305e-01
-9.325046837329864502e-02
1.171756908297538757e-01
1.532721817493438721e-01
-2.027754038572311401e-01
1.021683812141418457e-01
-1.342623531818389893e-01
1.446954756975173950e-01
-1.752680726349353790e-02
-5.893083661794662476e-02
-1.336219012737274170e-01
-1.641263216733932495e-01
-6.772291660308837891e-02
-6.862555444240570068e-02
1.228164136409759521e-02
4.053664207458496094e-02
-1.541260927915573120e-01
1.656081974506378174e-01
-2.443707436323165894e-01
-1.450966447591781616e-01
1.047051995992660522e-01
1.058382615447044373e-01
-2.708497345447540283e-01
1.404280364513397217e-01
1.108263432979583740e-01
-2.170208990573883057e-01
-2.440140545368194580e-01
-2.937145829200744629e-01
