# (5, 5, 1, 4)
7.531876862049102783e-02
-2.381601035594940186e-01
-8.636882156133651733e-02
-1.706290692090988159e-01
-3.348527848720550537e-02
-1.150071099400520325e-01
1.557704210281372070e-01
4.570367559790611267e-02
-1.126273572444915771e-01
-4.552406258881092072e-03
1.882799863815307617e-01
1.050450056791305542e-01
-9.865178912878036499e-02
1.055133566260337830e-01
-1.221986953169107437e-02
9.488444775342941284e-02
-8.401038125157356262e-03
1.101281344890594482e-01
-2.941570617258548737e-02
-9.661866724491119385e-02
4.467742692213505507e-04
-5.439356900751590729e-04
7.817170768976211548e-02
-6.692757457494735718e-02
9.376634657382965088e-02
-1.282467693090438843e-01
1.113024353981018066e-01
4.905296373181045055e-04
-1.277727931737899780e-01
-3.428000509738922119e-01
7.904596626758575439e-02
1.641824096441268921e-01
-5.856106057763099670e-02
-4.081754088401794434e-01
2.895046211779117584e-02
-1.619234234094619751e-01
-1.205510497093200684e-01
-3.122680783271789551e-01
-2.374604195356369019e-01
-1.172569245100021362e-01
6.046230345964431763e-02
-9.495583176612854004e-02
3.354696556925773621e-02
2.520120516419410706e-02
2.360321879386901855e-01
-9.030145406723022461e-02
1.938549131155014038e-01
1.345240771770477295e-01
-3.110715374350547791e-02
5.753201246261596680e-02
1.299455314874649048e-01
-9.016441553831100464e-02
-1.531205624341964722e-01
9.561369568109512329e-02
-7.407918572425842285e-02
-9.964702278375625610e-02
-1.413725763559341431e-01
-1.432040631771087646e-01
-1.571368128061294556e-01
1.303114891052246094e-01
-5.952633917331695557e-02
3.183333948254585266e-02
9.400165081024169922e-02
1.975025683641433716e-01
1.721529960632324219e-01
1.110250428318977356e-01
1.078548580408096313e-01
-3.461374714970588684e-02
2.824158072471618652e-01
7.720922678709030151e-02
-2.410528995096683502e-02
2.209161221981048584e-01
1.010933667421340942e-01
-2.586867660284042358e-02
-5.695139244198799133e-02
2.525158822536468506e-01
-9.770290553569793701e-02
9.423447400331497192e-02
-1.802386343479156494e-01
3.157514035701751709e-01
-4.641623422503471375e-02
7.317683100700378418e-02
1.477276086807250977e-01
-2.637687372043728828e-03
-3.596727177500724792e-02
-6.884901970624923706e-02
1.324401944875717163e-01
1.818147897720336914e-01
1.674999296665191650e-02
-2.901157364249229431e-02
4.912389069795608521e-02
1.382404565811157227e-01
2.002354115247726440e-01
1.074476689100265503e-01
-9.728483110666275024e-02
1.173382997512817383e-02
9.703825414180755615e-02
1.676137894392013550e-01
-2.321179360151290894e-01
7.975159585475921631e-02
