# (3, 3, 1, 16)
1.264311671257019043e-01
-1.414925754070281982e-01
1.784416884183883667e-01
-1.106897294521331787e-01
-1.779027730226516724e-01
1.162065118551254272e-01
2.871043980121612549e-02
-8.736457675695419312e-02
2.401091158390045166e-02
5.220679193735122681e-02
1.703299134969711304e-01
-1.420153975486755371e-01
1.241561844944953918e-01
2.166936993598937988e-01
-1.571953594684600830e-01
-2.935270778834819794e-02
1.784088313579559326e-01
-8.358216285705566406e-02
-5.186151975067332387e-05
-1.518620830029249191e-02
6.680031120777130127e-02
1.184145659208297729e-01
-1.830619275569915771e-01
-8.765427768230438232e-02
8.854801952838897705e-02
-1.085855215787887573e-01
2.429796382784843445e-02
-8.342067897319793701e-02
1.032496616244316101e-01
8.319322764873504639e-02
-7.027588039636611938e-02
-1.827003508806228638e-01
1.256799697875976562e-01
-2.349554747343063354e-01
8.984430879354476929e-02
2.115749567747116089e-01
8.701056241989135742e-02
-1.793141365051269531e-01
-6.054727360606193542e-02
1.531493067741394043e-01
7.054766267538070679e-02
-2.910086810588836670e-01
-1.827199459075927734e-01
6.191238388419151306e-02
1.120826750993728638e-01
1.426723748445510864e-01
-2.262258715927600861e-02
6.696736067533493042e-02
-2.062869518995285034e-01
-1.281318515539169312e-01
1.200863346457481384e-01
-2.954619191586971283e-02
3.601204976439476013e-02
-1.319968886673450470e-02
1.748403906822204590e-01
-1.785565316677093506e-01
-1.496392786502838135e-01
2.034563571214675903e-01
-2.958684787154197693e-02
2.374470792710781097e-02
-6.883986294269561768e-02
-5.380600318312644958e-02
-2.301870882511138916e-01
-5.760378018021583557e-02
-1.711728572845458984e-01
5.167306587100028992e-02
-2.273303084075450897e-02
8.652831614017486572e-02
5.055521428585052490e-02
2.160110473632812500e-01
-2.013507336378097534e-01
7.254038751125335693e-02
-3.983304277062416077e-02
-5.351587012410163879e-02
-2.613699249923229218e-02
1.586556732654571533e-01
2.226134296506643295e-03
3.602096065878868103e-02
7.848877459764480591e-02
-1.128784194588661194e-01
-1.609605848789215088e-01
-1.530234366655349731e-01
-1.274490654468536377e-01
1.765562146902084351e-01
8.379545062780380249e-02
-5.817264318466186523e-03
3.478215262293815613e-02
7.586254179477691650e-02
-5.938596557825803757e-03
-1.095187366008758545e-01
-1.082725003361701965e-01
8.173499256372451782e-02
-1.688367575407028198e-01
-7.341350615024566650e-02
1.108710914850234985e-01
1.474520862102508545e-01
-1.254398226737976074e-01
-3.912367299199104309e-02
1.496213823556900024e-01
-2.796130478382110596e-01
1.493812799453735352e-01
-1.405126452445983887e-01
-3.318366408348083496e-02
-5.247238650918006897e-02
-9.622135758399963379e-02
9.427227079868316650e-02
4.761505126953125000e-02
6.820367276668548584e-02
-1.472339332103729248e-01
-1.628451943397521973e-01
-6.404069066047668457e-02
-4.870374873280525208e-02
2.908737771213054657e-02
-1.819938272237777710e-01
3.341084718704223633e-02
-2.211219668388366699e-01
1.169368326663970947e-01
3.412780538201332092e-02
-6.601692736148834229e-02
-2.358844690024852753e-02
-9.978123754262924194e-02
1.585115045309066772e-01
-1.952376365661621094e-01
-7.488348986953496933e-03
-4.669753834605216980e-02
-1.757870018482208252e-01
5.439388565719127655e-03
-1.456867605447769165e-01
-1.519212722778320312e-01
7.323802262544631958e-02
-1.345308423042297363e-01
-1.069387421011924744e-01
3.159497305750846863e-02
1.763811409473419189e-01
-9.249575436115264893e-02
9.032496809959411621e-02
-2.115782201290130615e-01
6.889931857585906982e-02
-2.914370782673358917e-02
-1.718088537454605103e-01
9.111328981816768646e-03
7.103998959064483643e-02
1.923260092735290527e-01
4.209288209676742554e-02
