# (5, 5, 4, 16)
7.742688059806823730e-02
-3.673187270760536194e-02
1.555337309837341309e-01
7.696578744798898697e-03
5.438995733857154846e-02
-6.307456642389297485e-03
-3.664569184184074402e-02
2.499227412045001984e-02
-7.371371146291494370e-03
4.343868233263492584e-03
8.478009700775146484e-02
8.806939423084259033e-02
3.129771351814270020e-02
9.950984269380569458e-02
-4.150068014860153198e-02
-5.712221562862396240e-02
-2.772834151983261108e-03
3.222633525729179382e-02
7.768958061933517456e-02
-4.305505007505416870e-02
-7.704696059226989746e-02
9.512560069561004639e-02
2.937650866806507111e-02
-3.276541596278548241e-03
8.278175443410873413e-02
1.278674579225480556e-03
1.726055168546736240e-03
9.775819629430770874e-02
-1.443838030099868774e-01
7.413625717163085938e-02
-4.890339076519012451e-02
1.463244296610355377e-02
2.674619480967521667e-02
-2.960872836410999298e-02
2.051577204838395119e-03
-1.870334148406982422e-02
-6.620590388774871826e-02
5.502735078334808350e-02
-2.966027520596981049e-02
4.564364254474639893e-02
2.249080501496791840e-02
2.518717944622039795e-02
-1.927443780004978180e-02
-6.206895038485527039e-02
-1.497457083314657211e-02
-7.927177846431732178e-02
-8.154717087745666504e-02
9.307649731636047363e-02
7.711533457040786743e-02
-4.681964963674545288e-02
-4.600328207015991211e-02
-4.444031417369842529e-02
2.131225168704986572e-02
-2.012277022004127502e-03
1.395160914398729801e-03
-5.721679702401161194e-02
-4.621643200516700745e-02
4.817554727196693420e-02
3.489615395665168762e-02
4.569080844521522522e-02
5.844433233141899109e-02
2.752964496612548828e-01
6.473002489656209946e-03
3.045119158923625946e-02
1.101315673440694809e-02
-5.233957618474960327e-02
-2.387224696576595306e-02
2.739123592618852854e-04
-4.853784665465354919e-02
-1.606562174856662750e-02
-1.069023534655570984e-01
2.457854861859232187e-04
-6.782242655754089355e-02
-6.028774753212928772e-02
8.846210688352584839e-02
-1.964713260531425476e-02
8.006449043750762939e-02
3.196544200181961060e-02
1.069336086511611938e-01
1.508565247058868408e-01
1.844145916402339935e-02
-6.425105035305023193e-02
1.160275191068649292e-02
-1.229720711708068848e-01
2.177848666906356812e-02
7.492314279079437256e-02
-4.542137682437896729e-02
-1.072838231921195984e-01
5.943332985043525696e-02
-4.404949396848678589e-02
-1.483147684484720230e-02
4.544965457171201706e-03
-1.601040065288543701e-01
1.801826804876327515e-01
-6.162862107157707214e-02
-9.613113105297088623e-02
-7.207771763205528259e-03
4.448201507329940796e-02
-7.992022484540939331e-02
-3.710584132932126522e-04
-7.882390916347503662e-02
9.471332281827926636e-02
-5.787774547934532166e-02
9.268160164356231689e-02
-1.326874457299709320e-02
5.530944466590881348e-02
-9.868851304054260254e-02
-4.297488927841186523e-02
4.930086899548768997e-03
-8.301090449094772339e-02
-7.418999820947647095e-02
-7.637333869934082031e-02
1.226906757801771164e-02
-1.179601997137069702e-01
-1.101078540086746216e-01
1.331659033894538879e-02
1.539194863289594650e-02
4.767756443470716476e-03
-9.511790424585342407e-02
1.804217696189880371e-02
-7.676301151514053345e-02
-7.082646712660789490e-03
5.747672542929649353e-02
-1.257247179746627808e-01
8.839520066976547241e-02
2.551849484443664551e-01
9.830553084611892700e-02
7.787290960550308228e-02
7.522503286600112915e-02
-1.027529407292604446e-02
-8.300292491912841797e-02
4.263215512037277222e-02
-4.126403108239173889e-02
-1.202343218028545380e-02
2.630142495036125183e-02
2.188551984727382660e-02
2.691570855677127838e-02
-1.850230991840362549e-02
2.166020721197128296e-01
-1.661843433976173401e-02
8.160993456840515137e-03
6.852741539478302002e-02
3.185496479272842407e-02
3.071967698633670807e-02
-5.187626555562019348e-02
-1.157802268862724304e-01
-2.244603186845779419e-01
1.633902452886104584e-02
9.988002479076385498e-02
4.603084921836853027e-02
-9.514753706753253937e-03
-1.000525280833244324e-01
-1.278561502695083618e-01
3.446580842137336731e-02
-3.052931465208530426e-02
-8.803029358386993408e-02
-1.110421642661094666e-01
2.393802553415298462e-01
8.896875381469726562e-02
-3.212124109268188477e-01
-7.444287836551666260e-02
2.107623405754566193e-02
-4.846601188182830811e-02
4.267846420407295227e-02
-1.008381247520446777e-01
1.275054216384887695e-01
4.468017071485519409e-02
3.501198440790176392e-02
4.525906965136528015e-02
1.763682961463928223e-01
-1.066123545169830322e-01
2.255608886480331421e-02
-8.429733663797378540e-02
-9.121682494878768921e-02
-5.537179112434387207e-02
-5.374834313988685608e-02
-7.322407513856887817e-02
-1.347034722566604614e-01
-9.508384764194488525e-02
-7.932895421981811523e-02
7.027539610862731934e-02
-6.133406236767768860e-02
9.906081482768058777e-03
7.539267092943191528e-02
-8.161678910255432129e-02
-1.058559417724609375e-01
2.188435196876525879e-01
-6.179304793477058411e-02
1.871311068534851074e-01
1.327961981296539307e-01
1.585198938846588135e-01
-1.066451333463191986e-02
5.331745743751525879e-02
4.702606797218322754e-02
-3.634463995695114136e-02
1.319223828613758087e-02
-9.378618746995925903e-02
-3.748011589050292969e-02
8.568324893712997437e-02
-4.018983244895935059e-02
-8.347045630216598511e-02
-2.965061552822589874e-02
1.814963668584823608e-01
7.772169262170791626e-02
4.145193099975585938e-02
7.735761255025863647e-02
1.442451495677232742e-02
3.104596771299839020e-02
-3.016544878482818604e-02
-8.314960449934005737e-02
-9.861093014478683472e-03
6.111399456858634949e-02
9.123637527227401733e-02
3.939215093851089478e-02
5.718301609158515930e-02
-4.007871821522712708e-02
-7.589033246040344238e-02
6.878778338432312012e-02
7.813072949647903442e-02
-1.467080563306808472e-01
-3.831555694341659546e-02
1.306064873933792114e-01
-3.346365690231323242e-02
-1.832942366600036621e-01
-1.152060553431510925e-01
-6.742642074823379517e-02
4.310912918299436569e-03
-3.290442749857902527e-02
-4.702499136328697205e-02
1.031721979379653931e-01
6.130589172244071960e-02
1.668086200952529907e-01
1.151341572403907776e-01
3.497377410531044006e-02
-1.151184141635894775e-01
5.070613697171211243e-02
-3.383339941501617432e-02
1.740853488445281982e-02
-8.224070072174072266e-02
-4.352516308426856995e-02
-2.833452448248863220e-02
-3.385784476995468140e-02
3.037398494780063629e-02
2.361685596406459808e-02
1.981819979846477509e-02
-1.210533827543258667e-02
-3.477927064523100853e-03
7.915574312210083008e-02
1.071402579545974731e-01
-1.062347441911697388e-01
2.260362505912780762e-01
2.507640793919563293e-02
1.749798208475112915e-01
2.272439375519752502e-02
1.114571988582611084e-01
1.378781646490097046e-01
1.267972681671380997e-02
6.292559555731713772e-04
-2.940416336059570312e-02
2.277554757893085480e-02
-1.435663923621177673e-02
-8.599168062210083008e-02
3.611586289480328560e-03
-9.872018545866012573e-02
1.975577324628829956e-02
2.357551828026771545e-02
2.974647842347621918e-02
8.973208814859390259e-02
-2.195131964981555939e-02
1.650296710431575775e-02
3.107203356921672821e-02
1.493331789970397949e-01
-5.654479935765266418e-02
-5.700571462512016296e-02
1.661675572395324707e-01
-5.268351361155509949e-02
1.423624455928802490e-01
1.334768533706665039e-01
-1.644184114411473274e-03
-3.272355347871780396e-02
1.243021264672279358e-01
1.091242730617523193e-01
6.581866741180419922e-02
-5.264161899685859680e-02
4.415365308523178101e-02
6.862496584653854370e-02
-1.110064163804054260e-01
-9.380181133747100830e-02
3.149940073490142822e-02
-1.588734388351440430e-01
6.550364941358566284e-02
-3.243504837155342102e-02
-7.822988927364349365e-02
2.245896458625793457e-01
-6.201655417680740356e-02
1.462510526180267334e-01
7.236578315496444702e-02
-1.159271597862243652e-02
-1.549887377768754959e-02
2.216708473861217499e-02
1.603955775499343872e-02
-3.004638291895389557e-02
6.181631237268447876e-03
-6.178778037428855896e-02
-4.423727467656135559e-02
3.138918429613113403e-02
-4.817520827054977417e-02
3.034878335893154144e-02
6.012548878788948059e-02
-5.272118374705314636e-02
-1.034548580646514893e-01
1.509230881929397583e-01
2.560943737626075745e-02
5.116998776793479919e-02
2.285786345601081848e-02
5.621906369924545288e-03
9.880790114402770996e-02
6.858176738023757935e-02
1.318929716944694519e-02
8.172045461833477020e-03
-9.632670134305953979e-02
-6.061463057994842529e-02
1.867278963327407837e-01
-6.899796426296234131e-02
-4.344536736607551575e-02
-3.599671646952629089e-02
-9.410977363586425781e-02
-2.548896148800849915e-02
1.513225138187408447e-01
-5.355325341224670410e-02
-1.006281822919845581e-01
3.115848079323768616e-02
2.332019358873367310e-01
-1.136611402034759521e-01
5.310394987463951111e-02
-1.279610767960548401e-02
-9.352796711027622223e-03
-7.484163343906402588e-02
9.312835335731506348e-02
-5.938852205872535706e-02
4.624943435192108154e-02
6.829421222209930420e-02
-9.905026108026504517e-02
1.118660718202590942e-01
-6.792654749006032944e-03
-6.453100591897964478e-03
3.786606714129447937e-02
4.324949532747268677e-02
-8.064884692430496216e-02
9.474538266658782959e-02
2.546073310077190399e-02
1.403384357690811157e-01
-2.330611692741513252e-03
5.128372460603713989e-02
7.119388133287429810e-02
2.044092305004596710e-02
3.023438528180122375e-02
6.133140251040458679e-02
-1.537659615278244019e-01
-1.832443661987781525e-02
8.884035050868988037e-02
-3.607961162924766541e-02
1.801580190658569336e-02
4.302607849240303040e-03
-1.076855584979057312e-01
7.733022421598434448e-02
-1.924872696399688721e-01
7.857937365770339966e-02
-5.562942475080490112e-03
2.857624785974621773e-03
-7.565215229988098145e-02
-2.760745771229267120e-02
6.453337147831916809e-03
-2.438976480334531516e-05
-3.879044577479362488e-02
-1.013411581516265869e-02
8.666429668664932251e-02
-1.199892312288284302e-01
-5.507135763764381409e-03
-3.651873767375946045e-02
4.023212566971778870e-02
1.407842636108398438e-01
-2.327878028154373169e-02
4.826408624649047852e-02
-7.444497942924499512e-02
-4.730652272701263428e-02
1.156930401921272278e-01
-8.539435453712940216e-03
-4.597696289420127869e-02
-7.842335104942321777e-02
-1.624552607536315918e-01
4.135821759700775146e-02
1.877378299832344055e-02
-3.968250378966331482e-02
-5.245762877166271210e-03
-5.506024882197380066e-02
1.208194047212600708e-01
-7.253804057836532593e-02
1.264422833919525146e-01
8.265139907598495483e-02
1.158987134695053101e-01
4.745991155505180359e-02
-5.512443184852600098e-02
-8.814485371112823486e-02
-2.699100039899349213e-02
4.779816791415214539e-02
-3.654303774237632751e-02
5.575605481863021851e-02
3.455078229308128357e-03
-1.001239195466041565e-01
4.715439677238464355e-02
4.275718331336975098e-02
7.343520224094390869e-02
-9.398191468790173531e-04
-3.081618808209896088e-02
-8.745216578245162964e-02
-7.139153033494949341e-02
1.369447819888591766e-02
-7.715230342000722885e-03
3.469036892056465149e-02
6.574541795998811722e-03
1.227892842143774033e-02
-9.743072092533111572e-02
-1.069211736321449280e-01
-2.113248454406857491e-03
1.826185849495232105e-03
-9.632757306098937988e-02
-1.550324857234954834e-01
-1.423762142658233643e-01
2.379129268229007721e-02
-9.132388047873973846e-03
-7.814604789018630981e-03
-2.123058959841728210e-02
-5.359692499041557312e-02
-1.737362593412399292e-01
2.870613709092140198e-02
5.971421301364898682e-02
-4.688083007931709290e-02
6.280869245529174805e-02
-1.708221156150102615e-03
-2.436204254627227783e-02
-1.192348375916481018e-01
5.716535449028015137e-02
-3.860855102539062500e-02
2.700881361961364746e-01
-2.429007738828659058e-02
4.540147783700376749e-04
4.972162097692489624e-02
-1.036219019442796707e-02
-4.007706791162490845e-02
-9.932680428028106689e-02
-4.415222629904747009e-02
3.723429143428802490e-02
-9.849374182522296906e-03
7.804261520504951477e-03
-2.386264503002166748e-02
-6.927997618913650513e-02
-3.201641887426376343e-02
2.787454612553119659e-02
-1.469136327505111694e-01
1.427761763334274292e-01
-5.692167207598686218e-02
1.595779359340667725e-01
2.827078336849808693e-03
-2.618755446746945381e-03
2.195786684751510620e-01
-2.035055309534072876e-01
1.949220597743988037e-01
1.031308174133300781e-01
4.707946255803108215e-02
-7.024124264717102051e-02
4.709686338901519775e-02
-1.991621255874633789e-01
5.730314180254936218e-02
-1.180381607264280319e-02
-5.308921262621879578e-02
3.869871050119400024e-02
-1.683986485004425049e-01
-7.405119389295578003e-02
-1.712443232536315918e-01
7.170724123716354370e-02
-7.464165985584259033e-02
1.800408819690346718e-03
-3.120048344135284424e-02
-2.134832087904214859e-03
8.222333341836929321e-02
1.785017549991607666e-01
-1.111653894186019897e-01
-9.726461954414844513e-03
-7.020840048789978027e-02
-2.446648627519607544e-01
-8.595746755599975586e-02
-1.007144302129745483e-01
-7.140322029590606689e-02
-1.606879197061061859e-02
-1.620485633611679077e-01
-3.738331841304898262e-03
2.494227886199951172e-01
-1.173937842249870300e-01
-4.123938083648681641e-02
-5.440950766205787659e-02
-6.904003024101257324e-02
1.084454730153083801e-01
-9.186973422765731812e-02
-1.661816686391830444e-01
-3.825822472572326660e-02
-3.151696920394897461e-02
-9.795193560421466827e-03
1.002484411001205444e-01
1.890551485121250153e-02
-5.202858895063400269e-02
1.011500135064125061e-02
-1.715892553329467773e-02
-4.705336317420005798e-02
1.352966390550136566e-02
-1.011836901307106018e-01
5.968046188354492188e-02
-9.580811858177185059e-02
5.843375623226165771e-02
-5.554907768964767456e-02
-1.219205483794212341e-01
3.043911233544349670e-02
8.747943490743637085e-02
3.892359510064125061e-02
8.346881717443466187e-03
-1.140745580196380615e-01
6.983283162117004395e-02
-9.966832585632801056e-03
5.223003029823303223e-02
2.139587104320526123e-01
1.818606629967689514e-02
1.636570096015930176e-01
-7.806853856891393661e-03
1.194265298545360565e-02
6.283199042081832886e-02
-7.601120322942733765e-02
-1.022892743349075317e-01
1.320914328098297119e-01
-8.242361247539520264e-02
-2.098134756088256836e-01
8.671522885560989380e-02
-1.873877048492431641e-01
-1.444140821695327759e-01
-2.180862426757812500e-01
4.412934929132461548e-02
-1.200162693858146667e-01
5.900288745760917664e-02
7.882181555032730103e-02
5.741174519062042236e-02
3.553095459938049316e-02
1.925845593214035034e-01
-9.035543352365493774e-02
-1.296100616455078125e-01
9.723183698952198029e-03
-1.843320727348327637e-01
1.639617085456848145e-01
-2.073779329657554626e-02
-2.936678379774093628e-02
5.196749791502952576e-02
-9.257788211107254028e-02
-3.572879359126091003e-02
2.999995350837707520e-01
2.521913265809416771e-04
3.418306633830070496e-02
-3.227265924215316772e-02
-5.796815454959869385e-02
-4.030501097440719604e-02
-8.855313807725906372e-02
-1.444601546972990036e-02
3.439046069979667664e-02
-6.556412577629089355e-02
8.126299828290939331e-02
3.893951699137687683e-02
-4.468065872788429260e-02
-8.713256567716598511e-02
7.076055556535720825e-02
-2.885258570313453674e-02
-6.108284741640090942e-02
1.361201144754886627e-02
2.621348202228546143e-02
-7.027855515480041504e-02
-3.386596217751502991e-02
1.252656616270542145e-02
-1.162092313170433044e-01
4.770109802484512329e-02
7.826324552297592163e-02
1.053763478994369507e-01
4.105405509471893311e-02
-3.167693968862295151e-03
-4.530030116438865662e-02
5.551820248365402222e-02
7.182700932025909424e-02
8.054728806018829346e-02
9.684135764837265015e-02
9.171662852168083191e-03
1.397643536329269409e-01
-1.108662262558937073e-01
-3.151076287031173706e-02
-4.157260060310363770e-02
-1.930620968341827393e-01
8.994141221046447754e-02
-3.711813688278198242e-02
-3.745915740728378296e-02
-4.420811310410499573e-02
1.046448852866888046e-02
-1.079242751002311707e-01
-4.113672673702239990e-02
-1.165855824947357178e-01
1.664133928716182709e-02
-5.310016125440597534e-02
-2.768895030021667480e-02
6.700010597705841064e-02
3.263398259878158569e-02
1.431348919868469238e-01
-3.193722665309906006e-02
-6.519096344709396362e-02
1.172337457537651062e-01
-6.336581707000732422e-02
-9.316388517618179321e-02
1.374982893466949463e-01
-1.401917729526758194e-02
-4.697196930646896362e-02
-9.083297848701477051e-02
-1.161150913685560226e-02
6.736248731613159180e-03
1.884248852729797363e-01
7.014386355876922607e-03
6.197465211153030396e-02
-6.207905709743499756e-03
1.822100020945072174e-02
-1.284701377153396606e-01
-5.243423208594322205e-02
1.300470381975173950e-01
-4.557638615369796753e-02
-7.450438290834426880e-02
-2.658100984990596771e-02
9.856209158897399902e-02
-7.870094478130340576e-02
-1.189629882574081421e-01
2.026664465665817261e-01
-9.357541054487228394e-02
1.093689425033517182e-04
8.790632337331771851e-02
-4.687873646616935730e-02
-3.143353015184402466e-02
-2.946383692324161530e-02
1.647741161286830902e-02
-3.617031127214431763e-02
1.456951647996902466e-01
6.360653042793273926e-02
-3.726331517100334167e-02
1.545843435451388359e-03
3.319926559925079346e-02
6.218912079930305481e-02
1.487314999103546143e-01
1.505503896623849869e-02
1.218791380524635315e-01
1.362991984933614731e-02
1.209894102066755295e-02
-6.827711313962936401e-02
-3.349136933684349060e-02
1.521271169185638428e-01
-1.483469270169734955e-02
1.760468930006027222e-01
-9.522861801087856293e-03
9.021783620119094849e-02
2.254586853086948395e-02
3.929039463400840759e-02
3.577379137277603149e-02
-2.550945803523063660e-02
-4.511476028710603714e-03
9.118840098381042480e-02
-1.196444779634475708e-02
-4.273393377661705017e-02
1.654263436794281006e-01
-6.924395915120840073e-03
1.087096706032752991e-02
-6.830793572589755058e-04
-1.821177601814270020e-01
-3.260463010519742966e-03
2.267264574766159058e-02
5.258915945887565613e-02
6.952656060457229614e-02
-1.372782140970230103e-01
-8.835613727569580078e-02
9.391333907842636108e-02
-1.415376365184783936e-02
3.799474984407424927e-02
-8.895853161811828613e-02
1.226071715354919434e-01
7.528236508369445801e-02
-3.235330432653427124e-02
-4.083986580371856689e-02
3.726077079772949219e-02
8.043509908020496368e-03
-1.488751452416181564e-02
-1.528789009898900986e-02
5.193996429443359375e-02
-7.138722389936447144e-02
-3.751517087221145630e-02
-1.423568725585937500e-01
-1.718097552657127380e-02
-5.596682056784629822e-02
-9.074661135673522949e-02
-4.969712346792221069e-02
3.035488165915012360e-02
2.436849474906921387e-02
-1.793045923113822937e-02
1.160115525126457214e-01
-2.202205546200275421e-02
-1.554496139287948608e-01
-7.954447716474533081e-02
2.050347775220870972e-01
1.160733401775360107e-02
-8.916406333446502686e-02
-2.533105947077274323e-02
2.120474912226200104e-02
-3.433874249458312988e-02
1.053925827145576477e-01
-1.147123798727989197e-02
1.543822465464472771e-03
6.569994240999221802e-02
3.421786939725279808e-03
-4.360469430685043335e-02
-1.573263108730316162e-01
3.911880403757095337e-02
-6.723929941654205322e-02
2.867045998573303223e-01
1.171499565243721008e-01
3.239257633686065674e-02
6.201017275452613831e-02
5.420117452740669250e-02
1.062347814440727234e-01
8.084452152252197266e-02
-1.998521238565444946e-01
2.732190862298011780e-02
-3.930021449923515320e-02
-6.369475740939378738e-03
1.005267798900604248e-01
4.851364716887474060e-02
9.794843941926956177e-02
-2.782756835222244263e-02
4.050098732113838196e-02
3.987923264503479004e-03
2.671251446008682251e-02
-1.284086257219314575e-01
6.753446906805038452e-02
-2.269846796989440918e-01
-1.568065583705902100e-02
2.011664025485515594e-02
-9.004339575767517090e-02
-7.420857250690460205e-02
-1.666345633566379547e-02
1.879181414842605591e-01
-1.511054188013076782e-01
2.582651376724243164e-02
-5.057146400213241577e-02
-1.067681610584259033e-02
1.031521856784820557e-01
-1.224741921760141850e-03
1.126193813979625702e-02
-3.040974214673042297e-02
-1.276029944419860840e-01
5.485324189066886902e-02
-1.804907172918319702e-01
-1.305817365646362305e-01
-1.162157878279685974e-01
-1.380665749311447144e-01
-1.450060456991195679e-01
-1.238592118024826050e-01
-6.009294092655181885e-02
-4.365840554237365723e-02
1.518506323918700218e-04
-1.089159399271011353e-01
-6.239625439047813416e-02
-2.769581787288188934e-02
-6.212471053004264832e-02
1.829771511256694794e-02
-2.208684943616390228e-02
-1.581028550863265991e-01
-8.538827300071716309e-02
-1.402904987335205078e-01
6.909286975860595703e-02
5.638774856925010681e-02
-1.750081963837146759e-02
7.148234546184539795e-02
-1.175955608487129211e-01
-6.851884722709655762e-02
-1.178615689277648926e-01
3.271935880184173584e-02
-6.328929960727691650e-02
3.053670823574066162e-01
-1.353130787611007690e-01
1.042764782905578613e-01
1.871209777891635895e-02
-1.592231988906860352e-01
5.791379138827323914e-03
1.171527355909347534e-01
-1.807958818972110748e-02
-1.210536807775497437e-01
6.506992131471633911e-02
-1.020867191255092621e-02
1.275294576771557331e-03
2.936718054115772247e-02
2.005050890147686005e-02
-3.664510324597358704e-02
1.084457561373710632e-01
-8.824957162141799927e-02
-1.153004467487335205e-01
-4.134407639503479004e-02
-2.390687726438045502e-02
9.154621511697769165e-02
1.660492457449436188e-02
-1.998224854469299316e-02
-8.922332525253295898e-02
-1.000962257385253906e-01
3.495823591947555542e-02
1.081972643733024597e-01
-1.457916796207427979e-01
-2.044424973428249359e-02
-5.515794083476066589e-02
-1.143521964550018311e-01
7.422284781932830811e-02
-6.013507954776287079e-03
-1.943816244602203369e-01
6.049563735723495483e-02
-4.220115765929222107e-02
7.478403300046920776e-02
-8.907561749219894409e-02
-5.234867706894874573e-02
-8.175695687532424927e-02
4.379944875836372375e-02
-1.470334380865097046e-01
-1.712122112512588501e-01
-4.848940297961235046e-02
-7.787488400936126709e-02
1.991202533245086670e-01
-9.694153070449829102e-02
-4.445828124880790710e-02
3.236022219061851501e-02
-1.293987184762954712e-01
-6.626561284065246582e-02
9.887187182903289795e-02
1.868938095867633820e-02
-1.133364140987396240e-01
-9.288130700588226318e-02
5.040987953543663025e-02
-5.462135002017021179e-02
-2.582501620054244995e-02
3.609539940953254700e-02
-9.698310494422912598e-02
-1.620411723852157593e-01
-1.957578361034393311e-01
-1.035667508840560913e-01
-1.136157140135765076e-01
3.506251573562622070e-01
-1.864082813262939453e-01
1.508905738592147827e-02
-2.339579630643129349e-03
-2.310629189014434814e-01
2.715432457625865936e-02
1.099051088094711304e-01
2.662502788007259369e-02
-1.077687665820121765e-01
1.973644271492958069e-02
2.702018991112709045e-02
1.123333722352981567e-01
6.041851267218589783e-02
1.834163442254066467e-02
7.600245880894362926e-04
1.739446371793746948e-01
-1.382400095462799072e-01
-5.203970894217491150e-02
-8.830184489488601685e-02
-1.023165285587310791e-01
1.266324054449796677e-02
-1.616023830138146877e-03
-1.557396054267883301e-01
-9.580470621585845947e-02
-9.258029609918594360e-02
-6.698430329561233521e-02
5.161299556493759155e-02
3.112951479852199554e-02
1.822515204548835754e-02
4.873920977115631104e-02
-1.399684045463800430e-02
9.268072247505187988e-02
-2.773849293589591980e-02
-4.163854941725730896e-02
2.849191799759864807e-02
-1.647735759615898132e-02
4.842445626854896545e-02
-1.477685421705245972e-01
-3.665126115083694458e-02
-5.922951176762580872e-02
9.600858390331268311e-02
-6.932786107063293457e-02
-1.241531297564506531e-01
4.371896013617515564e-02
-2.429213002324104309e-02
2.107565551996231079e-01
-1.052289754152297974e-01
5.988868325948715210e-02
4.814781248569488525e-02
7.536836713552474976e-02
1.145715173333883286e-02
5.739683285355567932e-02
-1.283974759280681610e-02
-8.188927173614501953e-02
-2.175054885447025299e-02
7.778573781251907349e-02
1.364528834819793701e-01
-7.534417510032653809e-02
-1.493498235940933228e-01
-1.237562745809555054e-01
-6.101575866341590881e-02
-1.806153804063796997e-01
8.660022169351577759e-03
-2.294232696294784546e-02
7.118881493806838989e-02
2.591123245656490326e-02
4.664638265967369080e-02
2.054510824382305145e-02
1.351723913103342056e-03
8.204800635576248169e-02
4.109323024749755859e-02
-4.734487831592559814e-02
-1.236326526850461960e-02
1.277967542409896851e-02
9.782882779836654663e-02
2.811232767999172211e-02
-6.778284162282943726e-02
4.932926967740058899e-02
1.518196426331996918e-02
2.524009533226490021e-02
-1.104869395494461060e-01
6.526334211230278015e-03
7.120090723037719727e-02
-5.215789005160331726e-02
1.079413294792175293e-02
6.002481095492839813e-04
-7.996639609336853027e-02
-9.120931476354598999e-02
-7.437742501497268677e-02
6.118196994066238403e-02
-6.617429107427597046e-02
5.681873485445976257e-02
-2.653510682284832001e-02
-2.580769918859004974e-02
-2.966540493071079254e-02
-5.901404097676277161e-02
9.050942957401275635e-03
1.061591580510139465e-01
4.959567263722419739e-02
1.252301782369613647e-01
-5.585534498095512390e-03
-1.581652611494064331e-01
-2.380985580384731293e-02
-4.289134871214628220e-03
-1.036879885941743851e-02
-9.015558660030364990e-02
-1.366787590086460114e-03
-4.279067367315292358e-02
-3.446722403168678284e-02
-6.127997860312461853e-02
-4.230447486042976379e-02
-6.778133660554885864e-02
9.136929363012313843e-02
8.987087011337280273e-02
-7.907178997993469238e-02
-1.185294836759567261e-01
3.429098520427942276e-03
-7.004450890235602856e-05
-2.777459844946861267e-02
-1.255122199654579163e-02
-3.845654055476188660e-02
3.767754882574081421e-02
-1.221048925071954727e-02
-2.055954933166503906e-02
-1.272820383310317993e-01
-2.762926220893859863e-01
1.543826609849929810e-01
-4.354348778724670410e-02
2.014696970582008362e-02
-1.153610646724700928e-01
5.421054735779762268e-02
-1.438436806201934814e-01
3.561671078205108643e-02
1.629388928413391113e-01
1.158175393939018250e-01
2.969292551279067993e-02
1.563388705253601074e-01
3.188754245638847351e-02
-4.486553370952606201e-02
2.356602400541305542e-01
5.579296126961708069e-02
-1.078452728688716888e-02
-1.022015791386365891e-02
4.921615123748779297e-02
-3.651884617283940315e-03
-3.578247129917144775e-02
-1.351297348737716675e-01
5.724104866385459900e-02
-1.360546648502349854e-01
2.306787110865116119e-02
-6.392449140548706055e-02
-1.042757853865623474e-01
-2.275696583092212677e-02
-9.032803773880004883e-02
-7.295257598161697388e-02
2.328429743647575378e-02
1.882003620266914368e-02
6.832846999168395996e-02
1.529906243085861206e-01
-1.067933719605207443e-02
7.742223143577575684e-02
8.404023200273513794e-02
-7.062918692827224731e-02
-4.716907814145088196e-02
1.082724481821060181e-01
-1.901661045849323273e-02
-4.915219172835350037e-02
-2.268197014927864075e-02
-8.646854013204574585e-02
-1.219173595309257507e-01
-1.067014783620834351e-01
-3.646061569452285767e-02
8.053603768348693848e-02
2.064416408538818359e-01
-1.952155679464340210e-02
-1.589309722185134888e-01
1.137910317629575729e-02
2.148842066526412964e-01
-1.094238460063934326e-01
-3.379458561539649963e-02
-1.130349114537239075e-01
1.339421607553958893e-02
-3.071037866175174713e-02
-3.823630977421998978e-03
6.165745854377746582e-02
-2.751882672309875488e-01
9.676386415958404541e-02
-6.993554532527923584e-02
-1.986502557992935181e-01
-2.113673537969589233e-01
2.072227299213409424e-01
-4.331274330615997314e-02
7.367715984582901001e-02
6.290959566831588745e-02
4.041725769639015198e-02
3.387514874339103699e-02
-2.200293727219104767e-02
2.568661868572235107e-01
1.177993640303611755e-01
9.463155269622802734e-02
2.796901389956474304e-02
1.283477842807769775e-01
4.557278007268905640e-02
-9.855332970619201660e-02
-1.178074441850185394e-02
-3.279811888933181763e-02
-1.943523995578289032e-02
1.263038963079452515e-01
-8.149873465299606323e-03
2.597951292991638184e-01
-1.546454522758722305e-02
9.524235874414443970e-02
2.920746989548206329e-02
-2.624354138970375061e-02
-1.017951592803001404e-01
-1.328679323196411133e-01
-2.594183897599577904e-03
4.536065831780433655e-02
-1.170422509312629700e-01
-3.666568547487258911e-02
2.551684901118278503e-02
1.565832495689392090e-01
1.210651844739913940e-01
-1.549581624567508698e-02
-4.173772875219583511e-03
-5.683017522096633911e-02
8.195946924388408661e-03
5.202884599566459656e-02
-3.852514922618865967e-02
-9.417226910591125488e-02
-9.352494962513446808e-03
-2.963544800877571106e-02
-4.620190337300300598e-02
-4.690637066960334778e-02
-1.286313235759735107e-01
2.327008172869682312e-02
1.626565605401992798e-01
1.402305662631988525e-01
8.609715849161148071e-02
-5.860607326030731201e-02
-1.744965789839625359e-03
5.310442298650741577e-02
-1.847283542156219482e-02
8.646086603403091431e-02
-1.167086809873580933e-01
-7.080684602260589600e-02
-2.188923396170139313e-02
-2.308057807385921478e-02
3.394724428653717041e-02
-3.093586564064025879e-01
-6.300417333841323853e-02
4.410245642066001892e-02
-1.014509871602058411e-01
4.993841052055358887e-02
1.886079013347625732e-01
-9.928301721811294556e-02
1.079523470252752304e-02
-1.024460121989250183e-01
9.971503168344497681e-03
8.848653733730316162e-02
-1.993965953588485718e-01
6.794699281454086304e-02
6.387696135789155960e-03
1.096184402704238892e-01
-3.434198349714279175e-02
5.902517959475517273e-02
9.903772920370101929e-02
7.695629447698593140e-02
-8.545784652233123779e-02
-8.037567138671875000e-02
-4.718864709138870239e-02
1.301747560501098633e-01
5.075899418443441391e-03
-7.700967788696289062e-02
-4.521135985851287842e-02
2.420492283999919891e-02
1.732027381658554077e-01
2.918185852468013763e-02
-1.374928355216979980e-01
-8.592656254768371582e-02
6.096547003835439682e-03
1.025604531168937683e-01
3.378008259460330009e-03
-5.621207505464553833e-02
1.469391286373138428e-01
5.032709240913391113e-02
2.239621244370937347e-02
1.624349504709243774e-01
7.701664417982101440e-02
-7.182224094867706299e-02
-4.353240504860877991e-02
-4.727863147854804993e-02
5.847553536295890808e-02
-8.240427821874618530e-02
4.347451031208038330e-03
6.843637675046920776e-02
-1.638415753841400146e-01
-5.352815240621566772e-02
-5.679799616336822510e-02
-6.880354881286621094e-02
3.322757184505462646e-01
-4.678696393966674805e-02
6.161366030573844910e-02
-2.985006384551525116e-02
2.682324126362800598e-02
-5.565011873841285706e-02
7.315764576196670532e-02
-2.980992011725902557e-02
-3.694121912121772766e-02
-1.029705721884965897e-02
-2.595710195600986481e-02
2.259383164346218109e-02
3.482428565621376038e-02
-1.897817999124526978e-01
-8.897779881954193115e-02
-1.664744913578033447e-01
-1.234506964683532715e-01
-8.887419849634170532e-02
1.085096038877964020e-02
2.415558509528636932e-02
2.258484810590744019e-01
-4.954977775923907757e-04
-1.910535693168640137e-01
-2.899164147675037384e-02
-1.252458691596984863e-01
1.628382652997970581e-01
1.143297627568244934e-01
-3.455507755279541016e-02
-4.521276056766510010e-02
6.208175048232078552e-02
7.226809859275817871e-03
7.799079269170761108e-02
-5.129531770944595337e-02
-3.618137165904045105e-02
-3.488944470882415771e-02
-4.281018860638141632e-03
-4.702101647853851318e-02
-4.714574664831161499e-02
1.268166396766901016e-02
-3.859087079763412476e-02
1.193932816386222839e-01
-1.956199854612350464e-02
2.864731941372156143e-03
-3.004019707441329956e-02
-9.218382835388183594e-02
1.153430789709091187e-01
5.533321294933557510e-03
-2.513556927442550659e-02
2.368382215499877930e-01
-6.106687709689140320e-02
-3.989443182945251465e-03
6.131612882018089294e-02
2.259141951799392700e-02
-7.174486666917800903e-02
-7.673530280590057373e-02
2.303109504282474518e-02
5.167134478688240051e-02
-9.288258105516433716e-02
1.537757739424705505e-02
5.967193841934204102e-02
9.376691281795501709e-02
2.528244815766811371e-02
-8.799578249454498291e-02
9.992849826812744141e-02
1.242963671684265137e-01
1.434978842735290527e-01
9.523796290159225464e-02
3.033585101366043091e-02
2.399241924285888672e-02
2.992656268179416656e-02
4.705905914306640625e-02
-5.122366175055503845e-02
1.000587344169616699e-01
-2.153372205793857574e-02
8.858211338520050049e-03
-1.144566666334867477e-02
1.544468402862548828e-01
-7.915099710226058960e-02
1.242301706224679947e-02
-1.833331137895584106e-01
-2.952971495687961578e-02
-1.256184130907058716e-01
-7.091805338859558105e-02
1.164773628115653992e-01
9.505702555179595947e-02
-5.873719230294227600e-02
-2.956655435264110565e-02
-9.136176854372024536e-02
2.025528810918331146e-02
1.693356335163116455e-01
5.645230785012245178e-02
-2.344816625118255615e-01
-3.516384214162826538e-02
7.292549312114715576e-02
-4.938556253910064697e-02
2.120536193251609802e-02
-1.326045952737331390e-02
-1.002440676093101501e-01
-1.137555856257677078e-02
-8.087137341499328613e-02
1.231709029525518417e-02
1.980192586779594421e-02
3.063967684283852577e-03
4.001261666417121887e-02
3.509397804737091064e-02
-1.024845615029335022e-02
1.586330309510231018e-02
1.513438671827316284e-02
-1.202614977955818176e-01
1.717303097248077393e-01
-1.004263088107109070e-01
1.502034813165664673e-01
3.942779731005430222e-03
-1.293572410941123962e-02
-4.823460057377815247e-02
-1.240516528487205505e-01
-1.752432063221931458e-02
1.285689175128936768e-01
1.803407445549964905e-02
-1.061155125498771667e-01
-3.531663492321968079e-02
-2.149519696831703186e-02
1.094630956649780273e-01
-2.183064073324203491e-02
1.043697297573089600e-01
6.101292558014392853e-03
2.849341742694377899e-02
-7.100930809974670410e-02
6.296982616186141968e-02
-2.126010949723422527e-04
-1.052881106734275818e-01
-1.393955051898956299e-01
2.747735753655433655e-02
-1.932337507605552673e-02
4.681261256337165833e-02
2.658723667263984680e-02
-9.718564897775650024e-02
5.517156096175312996e-04
-1.759681850671768188e-02
5.513680353760719299e-02
-4.999594762921333313e-02
-2.107601165771484375e-01
-1.503928750753402710e-01
-1.209883913397789001e-01
-1.155953481793403625e-01
-4.317304119467735291e-02
-3.046642616391181946e-02
-9.408473968505859375e-02
3.917520120739936829e-02
-1.904194504022598267e-01
-2.440705299377441406e-01
-8.608139306306838989e-02
-1.451153159141540527e-01
1.562671810388565063e-01
1.896268315613269806e-02
1.825702935457229614e-01
-9.067481383681297302e-03
4.132829234004020691e-02
1.374254748225212097e-02
7.368131726980209351e-02
2.600923646241426468e-03
-8.565568178892135620e-02
-5.104198306798934937e-02
1.118474379181861877e-01
1.712955981492996216e-01
4.237064346671104431e-02
1.308182328939437866e-01
3.231379389762878418e-02
1.039222478866577148e-01
1.016137283295392990e-02
-6.782621610909700394e-03
-6.218168139457702637e-02
4.864872619509696960e-02
-3.358697518706321716e-03
-1.111641302704811096e-01
-8.354634791612625122e-02
9.572358429431915283e-02
-1.446528919041156769e-02
3.770573064684867859e-02
-7.366127520799636841e-02
3.217075765132904053e-02
-1.277719438076019287e-02
1.972141414880752563e-01
-1.525542326271533966e-02
7.107564061880111694e-02
-1.972902379930019379e-02
-7.351320981979370117e-02
1.158073991537094116e-01
-5.995715036988258362e-02
9.395492076873779297e-02
-1.346828322857618332e-02
1.462282845750451088e-03
1.691250354051589966e-01
1.475858688354492188e-01
5.277561768889427185e-02
-9.148547425866127014e-03
3.823399916291236877e-02
9.239912778139114380e-02
-2.953697182238101959e-02
8.057732135057449341e-02
1.501958467997610569e-03
4.496935755014419556e-02
3.200390934944152832e-02
-4.802494309842586517e-03
-7.784032262861728668e-03
-3.131277263164520264e-01
-5.650260671973228455e-02
5.811874568462371826e-02
-1.105304136872291565e-01
-2.384505048394203186e-02
-4.501641169190406799e-02
-1.161191985011100769e-01
-4.714040830731391907e-02
-1.017689406871795654e-01
-1.435441970825195312e-01
-6.381562352180480957e-02
-2.094174027442932129e-01
1.119279339909553528e-01
-1.141990125179290771e-01
1.233721673488616943e-01
-4.471788182854652405e-02
9.751398861408233643e-02
-4.133130609989166260e-02
-3.508865460753440857e-02
-1.041461080312728882e-01
-1.862100958824157715e-01
-1.244899183511734009e-01
1.168347597122192383e-01
3.199750185012817383e-02
1.316357403993606567e-01
2.356235235929489136e-01
3.806372731924057007e-02
6.293014436960220337e-02
2.461644262075424194e-02
2.649074792861938477e-02
-5.589752271771430969e-02
4.165594652295112610e-02
1.625681370496749878e-01
3.831500560045242310e-02
1.368740759789943695e-02
-1.534493174403905869e-02
5.742968246340751648e-02
-1.126399636268615723e-02
6.047461926937103271e-02
5.631307605654001236e-03
3.064959868788719177e-02
2.043094635009765625e-01
-3.251386433839797974e-02
4.079987108707427979e-02
-3.813978284597396851e-02
7.596605923026800156e-03
1.004439145326614380e-01
4.939970374107360840e-02
1.689041852951049805e-01
-2.068530768156051636e-02
3.849513456225395203e-02
8.527488261461257935e-02
1.139593347907066345e-01
8.969918638467788696e-02
2.629483118653297424e-02
3.298482298851013184e-02
-1.857083849608898163e-02
1.665939949452877045e-02
3.306781407445669174e-03
-3.167199715971946716e-02
2.579109929502010345e-02
2.126744762063026428e-02
-1.504877954721450806e-01
9.476950019598007202e-02
-2.424529939889907837e-01
-2.404538169503211975e-02
3.941152617335319519e-02
2.604256570339202881e-02
2.035338729619979858e-01
5.739686079323291779e-03
3.384341299533843994e-02
-7.336403429508209229e-02
2.894984744489192963e-02
-3.214498460292816162e-01
6.877562496811151505e-03
-8.546187728643417358e-02
8.772139996290206909e-02
-8.410090953111648560e-02
5.982318893074989319e-03
1.402582600712776184e-02
-1.003688648343086243e-01
-4.327790066599845886e-02
7.593586295843124390e-02
-1.183001548051834106e-01
-7.781375944614410400e-02
-1.064130514860153198e-01
-4.273020103573799133e-02
1.325420010834932327e-02
-1.123984083533287048e-01
1.095087751746177673e-01
1.085065528750419617e-01
-6.999482214450836182e-02
-7.264401763677597046e-03
9.507392346858978271e-02
6.575066596269607544e-02
7.305623590946197510e-02
-3.093936294317245483e-02
8.052195608615875244e-02
6.560101360082626343e-02
-1.056860685348510742e-01
-3.202173486351966858e-02
1.479901075363159180e-01
7.925730198621749878e-02
-5.542972311377525330e-02
8.131450740620493889e-04
2.033799886703491211e-02
-2.363043650984764099e-02
7.981336116790771484e-02
-3.779563680291175842e-02
-2.628406509757041931e-02
9.604153037071228027e-02
-6.858208775520324707e-02
8.051727712154388428e-02
-1.547104585915803909e-02
-1.546196732670068741e-02
5.486460775136947632e-02
-4.308374598622322083e-02
1.636427789926528931e-01
5.769513081759214401e-03
3.273027390241622925e-02
-7.342801429331302643e-03
1.892807781696319580e-01
-6.230302527546882629e-02
9.126199781894683838e-02
-2.984290197491645813e-02
5.019405856728553772e-02
-1.697226464748382568e-01
8.547557517886161804e-03
-2.455337345600128174e-02
1.665486209094524384e-02
-1.955087780952453613e-01
-1.612404943443834782e-03
-2.453953400254249573e-02
1.143289147876203060e-03
9.481784701347351074e-02
8.772362023591995239e-03
5.363319814205169678e-02
-1.506275534629821777e-01
2.504329755902290344e-02
-2.105560526251792908e-02
-1.845989748835563660e-02
-1.394394785165786743e-01
9.705853648483753204e-03
-1.066498532891273499e-01
-2.478601038455963135e-02
-1.109818145632743835e-01
1.258428860455751419e-02
-1.525919735431671143e-01
-4.323417693376541138e-02
-1.015790328383445740e-01
-1.162593513727188110e-01
1.908496022224426270e-02
-1.672677323222160339e-02
-3.196214511990547180e-02
4.330271482467651367e-02
-3.769103437662124634e-02
9.021159261465072632e-02
4.026667401194572449e-02
1.224578544497489929e-01
8.936864137649536133e-02
3.547050803899765015e-02
2.812529169023036957e-02
6.263837963342666626e-02
-9.754906594753265381e-02
-5.674128979444503784e-02
9.412045776844024658e-02
3.436148539185523987e-02
-1.429153326898813248e-02
7.526496052742004395e-02
1.266065090894699097e-01
-4.386394843459129333e-02
-4.667327553033828735e-02
-7.300556637346744537e-03
-1.150321215391159058e-02
1.355684995651245117e-01
2.037283219397068024e-02
3.250064700841903687e-02
1.957042887806892395e-02
1.159866675734519958e-01
-1.674236916005611420e-02
-1.042390912771224976e-01
1.796888560056686401e-01
1.540127675980329514e-02
6.235189735889434814e-02
5.267030559480190277e-03
7.808365672826766968e-02
-4.258537665009498596e-02
5.146361887454986572e-02
-5.366187077015638351e-03
1.725138723850250244e-02
-4.742361232638359070e-02
8.213608711957931519e-02
-5.700672976672649384e-03
1.781920436769723892e-03
-1.168833822011947632e-01
-1.152437403798103333e-01
-3.832053765654563904e-02
1.512202322483062744e-01
1.600663065910339355e-01
7.771670073270797729e-02
-7.907965034246444702e-02
-6.764772534370422363e-02
-4.188774619251489639e-03
9.061047434806823730e-02
-1.040307134389877319e-01
-8.158275485038757324e-02
-2.271609194576740265e-02
8.124834857881069183e-03
-4.660534113645553589e-02
2.593615837395191193e-02
-1.605684682726860046e-02
-6.118477880954742432e-02
1.469149906188249588e-02
-1.398329138755798340e-01
-1.529570072889328003e-01
-4.746840149164199829e-02
1.394537538290023804e-01
-1.107737123966217041e-01
-9.947428479790687561e-03
-1.005043461918830872e-01
8.986869454383850098e-02
-1.258371490985155106e-02
2.436803840100765228e-02
-7.214287668466567993e-02
2.057905308902263641e-02
-1.357409264892339706e-02
7.591293752193450928e-02
-5.357470735907554626e-02
-3.389543667435646057e-02
1.857083588838577271e-01
-8.025158941745758057e-02
-6.713916547596454620e-03
6.181891635060310364e-02
-1.190414801239967346e-01
2.354154922068119049e-02
-1.196580156683921814e-01
3.549085184931755066e-02
-7.959462702274322510e-02
2.428967133164405823e-02
-7.023975998163223267e-02
