# (32,)
1.560240425169467926e-02
2.838216722011566162e-01
6.245676800608634949e-02
-2.870133332908153534e-02
-3.844430297613143921e-02
-8.545037358999252319e-02
-1.935873180627822876e-01
-1.609632670879364014e-01
-2.071101069450378418e-01
8.023063652217388153e-03
-1.681597679853439331e-01
-2.617488801479339600e-01
-9.876291267573833466e-03
-1.691412925720214844e-01
-3.139685690402984619e-01
-3.047507703304290771e-01
-2.888753414154052734e-01
-1.766727417707443237e-01
-8.497687522321939468e-04
-5.213531106710433960e-02
-3.207280486822128296e-02
-1.695662587881088257e-01
-2.722457349300384521e-01
-1.063244510442018509e-02
-1.221114844083786011e-01
-1.034148633480072021e-01
-2.363483458757400513e-01
-2.827981412410736084e-01
-5.646926164627075195e-02
-1.925493031740188599e-01
-4.275326430797576904e-02
3.276971280574798584e-01
