# (32,)
1.216204881668090820e+00
1.040615439414978027e+00
1.390616774559020996e+00
1.191289901733398438e+00
9.270958304405212402e-01
1.135652542114257812e+00
1.071619510650634766e+00
1.129945755004882812e+00
1.042085289955139160e+00
1.120704412460327148e+00
1.172550320625305176e+00
1.119360089302062988e+00
1.055976271629333496e+00
1.101528048515319824e+00
1.197300314903259277e+00
1.131740808486938477e+00
9.856985211372375488e-01
1.030590772628784180e+00
1.332635164260864258e+00
1.113385319709777832e+00
1.235077977180480957e+00
1.202411532402038574e+00
9.548677206039428711e-01
1.055590629577636719e+00
1.204621791839599609e+00
1.288579463958740234e+00
1.045665144920349121e+00
1.074840426445007324e+00
1.175489068031311035e+00
1.144912719726562500e+00
1.075201511383056641e+00
1.146957755088806152e+00
