# (32,)
-7.576221823692321777e-01
-4.806762933731079102e-01
-9.974098801612854004e-01
-6.488220691680908203e-01
-5.361251235008239746e-01
-5.933576226234436035e-01
-7.333864569664001465e-01
-2.887352108955383301e-01
-3.396299183368682861e-01
-6.799005866050720215e-01
-7.992287278175354004e-01
-6.762603521347045898e-01
-5.366258621215820312e-01
-8.085358142852783203e-01
-5.724527835845947266e-01
-8.058518171310424805e-01
-7.462763190269470215e-01
-6.143618226051330566e-01
-7.508361935615539551e-01
-5.920823812484741211e-01
-8.898612260818481445e-01
-5.404991507530212402e-01
-5.828526020050048828e-01
-4.535510540008544922e-01
-6.592097282409667969e-01
-9.848643541336059570e-01
-5.797936916351318359e-01
-6.476162672042846680e-01
-6.675342321395874023e-01
-5.027337670326232910e-01
-6.117025017738342285e-01
-7.900593280792236328e-01
