# (32,)
5.045264363288879395e-01
9.932709932327270508e-01
4.821480214595794678e-01
9.391587972640991211e-01
8.455238342285156250e-01
8.697615265846252441e-01
6.413971185684204102e-01
8.878444433212280273e-01
8.127515316009521484e-01
5.108059644699096680e-01
7.399375438690185547e-01
1.052585244178771973e+00
1.069831252098083496e+00
6.537271738052368164e-01
7.391514182090759277e-01
6.295860409736633301e-01
6.294702887535095215e-01
8.116869330406188965e-01
1.011158466339111328e+00
6.407227516174316406e-01
7.715265154838562012e-01
7.844979763031005859e-01
8.415037989616394043e-01
5.956897139549255371e-01
6.617859005928039551e-01
1.055174112319946289e+00
1.013610005378723145e+00
7.054778933525085449e-01
3.152208626270294189e-01
7.655194401741027832e-01
6.620873212814331055e-01
7.981101274490356445e-01
