# (32,)
-4.058519843965768814e-03
-1.315814908593893051e-02
-1.749874949455261230e-01
-2.992156147956848145e-02
-1.249599456787109375e-01
-8.311738818883895874e-02
-1.364093571901321411e-01
-8.487901091575622559e-02
-8.695967495441436768e-02
9.720320813357830048e-03
-4.582148510962724686e-03
-7.383363693952560425e-02
-3.056258521974086761e-02
-9.954249113798141479e-02
-1.028384417295455933e-01
-5.049166828393936157e-02
-1.402314156293869019e-01
-1.319117844104766846e-01
-1.437647640705108643e-01
-1.035190150141716003e-01
-1.487570931203663349e-03
-4.533085972070693970e-02
-8.505683392286300659e-02
-1.776170684024691582e-03
-9.224423207342624664e-03
-8.099099248647689819e-02
-2.461172044277191162e-01
-4.530978202819824219e-02
1.416321028955280781e-03
-8.628810942173004150e-02
1.121717132627964020e-02
2.012695372104644775e-02
