# (3, 3, 16, 24)
-1.315567940473556519e-01
2.725003957748413086e-01
2.547115087509155273e-01
6.935708969831466675e-02
3.896956443786621094e-01
3.553430140018463135e-01
-3.080543577671051025e-01
-5.094011066830717027e-05
-2.675506472587585449e-01
-5.452992320060729980e-01
-9.029484540224075317e-02
-1.634471304714679718e-02
-4.508142769336700439e-01
-5.802368000149726868e-02
-1.357485800981521606e-01
6.617618352174758911e-02
1.895247548818588257e-01
-1.822726428508758545e-02
-4.850458204746246338e-01
6.999385356903076172e-02
-5.175483971834182739e-02
-2.355670481920242310e-01
-2.085202038288116455e-01
-4.030347168445587158e-01
-1.613235026597976685e-01
-2.570961415767669678e-01
-1.425208449363708496e-01
1.175900921225547791e-01
-1.281196326017379761e-01
5.775618553161621094e-02
1.048424243927001953e-01
1.566797681152820587e-02
-8.777940273284912109e-02
-5.578558519482612610e-02
1.401945799589157104e-01
2.596359001472592354e-03
-7.671274244785308838e-03
1.360716968774795532e-01
8.439649641513824463e-02
-5.428949743509292603e-02
6.682246923446655273e-03
-1.627230048179626465e-01
4.856014251708984375e-02
3.264017030596733093e-02
-5.591768026351928711e-02
-7.909040153026580811e-02
-8.897331426851451397e-04
-4.001222550868988037e-02
-1.380375623703002930e-01
-1.351397037506103516e-01
-1.250128149986267090e-01
3.968391194939613342e-02
1.250048577785491943e-01
4.660291969776153564e-02
-2.842130605131387711e-03
1.191541366279125214e-02
-8.404842764139175415e-02
8.760744333267211914e-02
1.289417743682861328e-01
2.709692530333995819e-02
-9.143176674842834473e-02
9.022333659231662750e-03
-1.447125617414712906e-02
3.077819943428039551e-02
-4.822175949811935425e-02
-2.073999047279357910e-01
-3.591448441147804260e-02
-8.814102411270141602e-02
-1.886827647686004639e-01
-1.861905604600906372e-01
5.008273571729660034e-02
-1.909530758857727051e-01
-3.233952224254608154e-01
-2.334768325090408325e-01
2.748099863529205322e-01
1.250940025784075260e-03
-6.563170813024044037e-03
-4.452864825725555420e-02
8.345408737659454346e-02
1.286641322076320648e-02
-6.774323433637619019e-02
1.296076085418462753e-02
4.804396256804466248e-02
-1.144848540425300598e-01
1.125979945063591003e-01
-1.719497144222259521e-01
1.527293771505355835e-01
-1.872832924127578735e-01
-2.010277844965457916e-02
-2.566392421722412109e-01
-8.441821485757827759e-02
-5.118213221430778503e-02
2.992528676986694336e-01
-3.888944536447525024e-02
-1.084418073296546936e-01
-4.363856315612792969e-01
-2.835298180580139160e-01
3.053589463233947754e-01
3.472846448421478271e-01
-8.209656178951263428e-02
3.431458473205566406e-01
3.274166882038116455e-01
-4.542540907859802246e-01
6.021408829838037491e-03
-2.614909708499908447e-01
-2.576990425586700439e-01
-2.179834395647048950e-01
-3.176048770546913147e-02
-4.604997038841247559e-01
5.907696112990379333e-02
-1.917161196470260620e-01
-1.136983633041381836e-01
-4.138923436403274536e-02
1.413908973336219788e-02
-3.520942628383636475e-01
-3.997679427266120911e-02
2.047970741987228394e-01
-4.855573549866676331e-02
-9.632597863674163818e-02
-6.123443841934204102e-01
-2.962100803852081299e-01
-2.416585087776184082e-01
1.288701873272657394e-02
1.659417524933815002e-02
1.823018887080252171e-03
-7.559797912836074829e-02
1.031139418482780457e-01
1.139781326055526733e-01
2.503995224833488464e-02
9.274426102638244629e-02
1.848310828208923340e-01
-3.966182097792625427e-02
8.975035697221755981e-02
-1.383041888475418091e-01
6.852065026760101318e-02
-1.036579236388206482e-01
-7.211085408926010132e-02
-2.168886661529541016e-01
-2.308255759999155998e-03
-1.019275039434432983e-01
-1.234553083777427673e-01
-2.137421369552612305e-01
-1.483603268861770630e-01
-1.076935380697250366e-01
-3.220916986465454102e-01
-2.723997831344604492e-01
6.668179482221603394e-02
1.729340851306915283e-01
2.125142812728881836e-01
7.014578580856323242e-02
9.520067274570465088e-02
1.418010294437408447e-01
-1.633216999471187592e-02
7.249647378921508789e-02
-5.354034155607223511e-02
-2.479035034775733948e-02
5.257987976074218750e-02
-6.607580929994583130e-02
-4.130409657955169678e-02
7.159049808979034424e-02
-1.234127860516309738e-02
-2.505308948457241058e-02
-1.750412285327911377e-01
-1.262134034186601639e-02
-2.254562266170978546e-02
-1.946004927158355713e-01
-1.984341889619827271e-01
-2.135346680879592896e-01
-1.325839851051568985e-02
-3.415338695049285889e-01
2.182262092828750610e-01
-1.150770019739866257e-02
-2.567165791988372803e-01
8.521274477243423462e-02
7.081299275159835815e-02
4.260029196739196777e-01
-1.615333836525678635e-03
8.556799590587615967e-02
1.703723967075347900e-01
-4.701868072152137756e-02
-1.150003969669342041e-01
2.026406973600387573e-01
2.368043661117553711e-01
7.389494776725769043e-02
1.524027138948440552e-01
-1.954684406518936157e-01
-5.385411381721496582e-01
-2.981994748115539551e-01
3.245832771062850952e-02
5.345566198229789734e-02
-7.947993278503417969e-02
-2.659923732280731201e-01
2.752210795879364014e-01
-1.543193757534027100e-01
1.480494439601898193e-01
2.692405134439468384e-02
-6.559485942125320435e-02
1.126823797821998596e-01
-1.755474507808685303e-01
1.691354215145111084e-01
8.294193446636199951e-02
-2.785878628492355347e-02
1.733092218637466431e-01
-2.193529456853866577e-01
-3.331997692584991455e-01
4.222927689552307129e-01
2.533886767923831940e-02
5.877811461687088013e-02
9.200589731335639954e-03
-8.102437853813171387e-02
1.177809312939643860e-01
-2.466235011816024780e-01
-2.649761438369750977e-01
-7.630194723606109619e-02
-1.852560788393020630e-01
-3.082289099693298340e-01
-1.878793537616729736e-01
-4.803594574332237244e-02
1.838188022375106812e-01
2.031675577163696289e-01
1.684153825044631958e-01
1.596356034278869629e-01
2.766679786145687103e-02
7.778823375701904297e-02
-1.849672049283981323e-01
-1.146442741155624390e-01
5.979025363922119141e-02
-1.458652783185243607e-03
-1.140538230538368225e-01
-7.109975814819335938e-02
1.402278393507003784e-01
-3.940920904278755188e-02
2.468567937612533569e-01
-6.946257501840591431e-02
-2.318395972251892090e-01
-2.385920658707618713e-02
-2.427322268486022949e-01
-1.464301794767379761e-01
-2.532918453216552734e-01
-3.046625256538391113e-01
-3.301697373390197754e-01
-5.870132446289062500e-01
9.585802257061004639e-02
-1.042186617851257324e-01
-1.181243807077407837e-01
-7.269199192523956299e-02
1.565056620165705681e-03
1.010016873478889465e-01
1.507313251495361328e-01
-7.899652421474456787e-02
1.303880065679550171e-01
-1.693541556596755981e-01
1.152238994836807251e-01
-7.954377681016921997e-02
1.135387495160102844e-01
-1.249133273959159851e-01
3.048573248088359833e-02
-5.078884363174438477e-01
-2.367276847362518311e-01
7.159487158060073853e-02
-2.194692380726337433e-02
-6.895698606967926025e-02
3.148518875241279602e-02
-2.967963218688964844e-01
-3.978945314884185791e-01
-1.731497943401336670e-01
-6.692656129598617554e-02
9.582509845495223999e-02
1.700886040925979614e-01
7.883591949939727783e-02
8.708351850509643555e-02
-7.652254775166511536e-03
-1.433865427970886230e-01
-3.635706007480621338e-02
8.670211583375930786e-02
-5.010971799492835999e-02
1.708359271287918091e-02
-1.147612482309341431e-01
1.437447220087051392e-01
-6.190323457121849060e-02
1.707135438919067383e-01
-2.192860469222068787e-02
2.285527251660823822e-02
6.625706702470779419e-02
-1.225018277764320374e-01
-1.781811863183975220e-01
-5.847927182912826538e-02
4.624163359403610229e-02
6.616006493568420410e-01
4.246516227722167969e-01
-2.504511475563049316e-01
-7.751127332448959351e-02
-2.085512280464172363e-01
8.981250226497650146e-02
-4.950099587440490723e-01
1.387296617031097412e-01
2.100512683391571045e-01
-1.856948435306549072e-01
5.471861362457275391e-02
-3.391242623329162598e-01
-7.168569564819335938e-01
4.433812201023101807e-01
-7.620438188314437866e-02
3.191011548042297363e-01
-2.847490608692169189e-01
1.459688097238540649e-01
8.040250092744827271e-02
-3.463512063026428223e-01
-7.506533712148666382e-02
-5.155802890658378601e-02
-9.942926466464996338e-02
-4.135993719100952148e-01
-1.730385571718215942e-01
-3.675844371318817139e-01
-1.317346096038818359e-01
5.816268548369407654e-02
1.859565265476703644e-02
-1.101189032196998596e-01
-2.944619394838809967e-02
1.643101423978805542e-01
-1.485957801342010498e-01
-1.324171107262372971e-02
1.544249989092350006e-02
-1.187945753335952759e-01
1.138044148683547974e-01
4.238267987966537476e-02
1.728540211915969849e-01
1.028740108013153076e-01
-1.079032719135284424e-01
-2.449753731489181519e-01
-1.120343729853630066e-01
-1.273941248655319214e-01
-1.707064807415008545e-01
-3.165512159466743469e-02
-3.933643177151679993e-02
-2.606073021888732910e-01
-3.213630318641662598e-01
-2.431874871253967285e-01
-5.388673394918441772e-02
1.316950917243957520e-01
-2.085228916257619858e-03
8.460540324449539185e-02
1.015993356704711914e-01
8.544613420963287354e-02
-1.112373452633619308e-02
-7.995504885911941528e-02
4.113532230257987976e-02
-1.083144843578338623e-01
1.406464725732803345e-01
4.789198189973831177e-02
1.292125880718231201e-01
-9.775389730930328369e-02
2.423841506242752075e-02
-2.083882242441177368e-01
-1.030913442373275757e-01
-6.919530034065246582e-02
-7.659263908863067627e-02
-2.066648155450820923e-01
-5.216603353619575500e-02
7.336212322115898132e-03
-3.421113789081573486e-01
-5.899243354797363281e-01
1.141571402549743652e-01
-2.429520487785339355e-01
-1.500531584024429321e-01
-2.167707234621047974e-01
1.669914871454238892e-01
2.925372719764709473e-01
9.883937984704971313e-02
1.678018867969512939e-01
-1.385332792997360229e-01
2.501098066568374634e-02
-5.668449029326438904e-02
-3.114940524101257324e-01
3.558578491210937500e-01
-2.231202870607376099e-01
4.831083863973617554e-02
-3.841689825057983398e-01
-6.617218255996704102e-01
-1.187145523726940155e-02
8.859657682478427887e-03
1.822223700582981110e-02
3.874539956450462341e-02
1.485047340393066406e-01
1.873057782649993896e-01
4.954851567745208740e-01
1.128833368420600891e-01
-9.245835244655609131e-02
1.410521864891052246e-01
-1.321295183151960373e-02
-3.726784288883209229e-01
1.661396473646163940e-01
2.790748178958892822e-01
-2.992911040782928467e-01
-2.527753412723541260e-01
-9.695502370595932007e-02
-3.598028048872947693e-02
1.303346306085586548e-01
-8.121527731418609619e-02
-2.021717093884944916e-02
-1.970480382442474365e-01
-2.531252205371856689e-01
-3.079542815685272217e-01
-1.104948967695236206e-01
8.641534298658370972e-02
-2.779009640216827393e-01
-7.586684226989746094e-01
-8.254815340042114258e-01
-1.914847791194915771e-01
-1.103966534137725830e-01
-2.360602095723152161e-02
1.206667274236679077e-01
-4.161520674824714661e-02
1.181573942303657532e-01
5.888237059116363525e-02
9.273473173379898071e-02
-9.944202005863189697e-02
-1.839354336261749268e-01
1.218895241618156433e-02
1.096277683973312378e-01
3.756867349147796631e-02
1.101683899760246277e-01
-2.230906784534454346e-01
3.644925309345126152e-03
3.607672825455665588e-02
-1.826582476496696472e-02
2.141311764717102051e-01
1.965352892875671387e-01
-9.312798082828521729e-02
-7.739446312189102173e-02
-8.075383305549621582e-02
-3.480963874608278275e-03
-3.369616270065307617e-01
1.842434145510196686e-02
-2.617519795894622803e-01
-2.880755811929702759e-02
1.526241451501846313e-01
1.267400979995727539e-01
-1.842707023024559021e-02
1.028972398489713669e-02
-1.865512505173683167e-02
-1.036179587244987488e-01
1.015473306179046631e-01
1.214716881513595581e-01
2.372991479933261871e-02
2.368990331888198853e-02
-1.341607719659805298e-01
-8.948945254087448120e-02
-5.754270032048225403e-02
-1.889128034235909581e-04
1.734861284494400024e-01
-8.710836991667747498e-04
-2.064361572265625000e-01
5.218925420194864273e-03
-1.539629101753234863e-01
-8.730144798755645752e-02
-8.566283434629440308e-02
-6.255604326725006104e-02
-6.115294620394706726e-02
-5.215116217732429504e-02
9.075576812028884888e-02
2.135505154728889465e-02
8.474028855562210083e-02
7.058993726968765259e-02
1.036500260233879089e-01
-1.813111603260040283e-01
-3.588599618524312973e-03
-8.900070190429687500e-02
1.785558611154556274e-01
-1.618143767118453979e-01
-5.039309710264205933e-02
-8.194383978843688965e-02
-1.674231886863708496e-01
-9.794621914625167847e-02
5.054146423935890198e-02
1.702973842620849609e-01
1.210487857460975647e-01
-1.539166718721389771e-01
-2.923223674297332764e-01
-1.148918718099594116e-01
4.546390846371650696e-02
4.446850717067718506e-01
6.194670870900154114e-02
-2.249109894037246704e-01
1.638477146625518799e-01
6.687904149293899536e-02
-2.874659895896911621e-01
-5.592819675803184509e-02
2.955945432186126709e-01
-1.155387833714485168e-01
-1.390204727649688721e-01
-1.822359114885330200e-01
-4.076106473803520203e-02
-8.973230421543121338e-02
-1.246201619505882263e-01
-1.204290091991424561e-01
-3.170720338821411133e-01
-2.096740603446960449e-01
-8.795633167028427124e-02
-2.146098613739013672e-01
3.352522850036621094e-01
-2.241753339767456055e-01
-5.005486011505126953e-01
-5.886282920837402344e-01
-1.594527959823608398e-01
-5.715109780430793762e-02
-2.108474373817443848e-01
8.837829530239105225e-02
6.289751827716827393e-02
6.409175693988800049e-02
2.532791160047054291e-02
-3.039958886802196503e-02
-1.271816790103912354e-01
-1.827831119298934937e-01
6.122863665223121643e-02
1.643396466970443726e-01
-5.515382811427116394e-02
-3.374061360955238342e-02
-1.796572357416152954e-01
5.139594897627830505e-02
1.124814823269844055e-01
-8.087200671434402466e-02
1.106596663594245911e-01
1.304136216640472412e-01
-1.902872920036315918e-01
-2.365713566541671753e-01
-8.693665266036987305e-02
-6.378944218158721924e-02
-2.594359219074249268e-01
2.020164579153060913e-02
-4.702791571617126465e-03
-5.057374760508537292e-02
7.035680115222930908e-02
1.373483091592788696e-01
8.067054301500320435e-02
1.868077516555786133e-01
6.307046115398406982e-02
-1.289330869913101196e-01
4.435570538043975830e-02
-1.118919178843498230e-01
1.143603026866912842e-01
-9.364324063062667847e-02
-2.147911349311470985e-03
-1.037620231509208679e-01
-3.305327845737338066e-04
-1.301418095827102661e-01
-8.353966474533081055e-02
6.020274758338928223e-02
-3.807653859257698059e-02
-2.936607301235198975e-01
-9.200479835271835327e-02
-1.932174116373062134e-01
1.961318552494049072e-01
2.290479540824890137e-01
-1.515408754348754883e-01
2.038627564907073975e-01
-2.176425233483314514e-02
2.670593261718750000e-01
1.677327305078506470e-01
-7.734246551990509033e-02
-1.771027967333793640e-02
1.855421662330627441e-01
-1.511287391185760498e-01
-1.585878580808639526e-01
-5.138323758728802204e-04
-2.842380665242671967e-02
1.223549544811248779e-01
1.049881428480148315e-01
4.672980308532714844e-01
-2.549340128898620605e-01
-3.954557180404663086e-01
2.115398049354553223e-01
-5.015412718057632446e-02
4.981074482202529907e-03
-2.840338945388793945e-01
-1.138287112116813660e-01
2.155818641185760498e-01
2.574747204780578613e-01
-1.661114022135734558e-02
2.902029156684875488e-01
2.129173576831817627e-01
1.965112835168838501e-01
-5.540964752435684204e-02
-8.551576733589172363e-02
-5.639663338661193848e-02
4.188835248351097107e-02
4.517152532935142517e-02
-2.969801127910614014e-01
-3.446800112724304199e-01
5.419141054153442383e-01
-1.876796931028366089e-01
1.850819587707519531e-01
2.433649599552154541e-01
1.265149712562561035e-01
8.649855852127075195e-02
-7.578096352517604828e-03
-8.278311789035797119e-02
2.631796002388000488e-01
-9.574566781520843506e-02
-1.677261292934417725e-01
-1.439809352159500122e-01
1.600383222103118896e-01
2.398030832409858704e-02
1.897903382778167725e-01
9.538473188877105713e-02
-5.596173927187919617e-02
-4.417346045374870300e-02
9.321700036525726318e-02
1.335750669240951538e-01
-2.759472727775573730e-01
5.676239356398582458e-02
-1.004419624805450439e-01
4.576549306511878967e-02
-1.366737335920333862e-01
-1.317726522684097290e-01
-3.254765272140502930e-02
1.049147248268127441e-01
-1.318677067756652832e-01
-4.514666646718978882e-02
-5.371540412306785583e-02
-1.975449025630950928e-01
-3.903352022171020508e-01
-1.712321341037750244e-01
-2.924575507640838623e-01
-3.201307654380798340e-01
-2.822195291519165039e-01
-5.426018312573432922e-02
1.648425310850143433e-01
-7.317868620157241821e-02
-4.743923619389533997e-02
6.388132460415363312e-03
1.644601076841354370e-01
2.116435021162033081e-02
-5.315272882580757141e-02
-8.412412367761135101e-03
5.556052923202514648e-02
3.958052396774291992e-02
-4.692852869629859924e-02
3.528435528278350830e-02
6.423643976449966431e-02
2.470654696226119995e-01
-2.229845374822616577e-01
9.119314700365066528e-02
2.592541277408599854e-01
-2.738508582115173340e-02
-1.154928877949714661e-01
-2.250827997922897339e-01
1.418751329183578491e-01
-3.776834011077880859e-01
7.959254086017608643e-02
5.706124752759933472e-02
2.483597211539745331e-02
1.189172938466072083e-01
1.348670721054077148e-01
-2.381302975118160248e-02
2.179003655910491943e-01
6.060452014207839966e-02
-1.020585894584655762e-01
3.297492489218711853e-02
9.864208102226257324e-02
-9.475643746554851532e-03
-2.341571450233459473e-02
4.077732935547828674e-02
-9.667930193245410919e-03
1.913528330624103546e-02
-1.590297222137451172e-01
-4.769772663712501526e-02
1.916228383779525757e-01
-1.183807998895645142e-01
-1.734468191862106323e-01
-1.602411568164825439e-01
-1.265481673181056976e-02
5.878993868827819824e-01
5.855994820594787598e-01
-1.092499718070030212e-01
1.234723553061485291e-01
-2.482346892356872559e-01
2.453942894935607910e-01
-2.084118723869323730e-01
-1.767972409725189209e-01
-2.027729153633117676e-01
-5.482556764036417007e-03
-1.097153965383768082e-02
-4.238137304782867432e-01
-4.327360987663269043e-01
2.720523476600646973e-01
-3.593409359455108643e-01
4.156770408153533936e-01
3.469909355044364929e-02
3.773485310375690460e-03
1.439614295959472656e-01
-2.561021745204925537e-01
1.672431975603103638e-01
4.046723842620849609e-01
-3.311348333954811096e-02
-1.550670117139816284e-01
-2.228302657604217529e-01
-1.228682547807693481e-01
-7.835285365581512451e-02
1.476997435092926025e-01
4.030746221542358398e-02
4.835856333374977112e-02
-3.477128222584724426e-03
4.735888913273811340e-02
-1.281483471393585205e-01
-2.018672227859497070e-01
7.987998425960540771e-02
-7.838658243417739868e-02
-8.822018653154373169e-02
-3.695330349728465080e-03
-1.695372909307479858e-01
6.588520109653472900e-02
3.603108972311019897e-02
-6.709302961826324463e-02
1.239999663084745407e-02
1.696319729089736938e-01
-1.966704428195953369e-01
-1.447566598653793335e-01
-6.850969046354293823e-02
9.826464951038360596e-02
-2.841693758964538574e-01
-3.081893734633922577e-02
-5.833663791418075562e-02
-5.589653551578521729e-02
-3.938340768218040466e-02
1.829097121953964233e-01
8.754567801952362061e-02
1.281983964145183563e-02
-1.129817068576812744e-01
-6.380397081375122070e-02
3.887359052896499634e-02
-2.448178268969058990e-02
3.790064016357064247e-03
4.390093963593244553e-03
-2.089823633432388306e-01
-2.991040982306003571e-02
-4.469941835850477219e-03
3.504515811800956726e-02
3.461410105228424072e-02
6.783441454172134399e-02
-7.013174146413803101e-02
-1.023614108562469482e-01
2.340815216302871704e-02
2.011497505009174347e-03
-1.441038250923156738e-01
-2.968866825103759766e-01
-3.921900317072868347e-02
-9.968334436416625977e-02
-3.406561911106109619e-02
3.349446356296539307e-01
1.200853884220123291e-01
3.034566044807434082e-01
-1.381021142005920410e-01
4.833520855754613876e-03
-7.939450442790985107e-02
-1.428653746843338013e-01
1.840202063322067261e-01
-2.599183619022369385e-01
3.847035765647888184e-01
-4.234606623649597168e-01
3.374886214733123779e-01
-4.587859809398651123e-01
-1.358436495065689087e-01
3.639869391918182373e-01
-8.585696667432785034e-02
-4.608253240585327148e-01
-4.069248437881469727e-01
9.077804535627365112e-02
4.322514533996582031e-01
3.067302703857421875e-01
-3.514345586299896240e-01
-3.860337734222412109e-01
1.669779270887374878e-01
7.104175537824630737e-02
-1.546699553728103638e-01
7.292387634515762329e-02
3.419345021247863770e-01
-3.726542294025421143e-01
-2.366884052753448486e-01
-3.210745751857757568e-01
-4.459309950470924377e-02
-1.913753300905227661e-01
-2.450921237468719482e-01
-3.753021657466888428e-01
-2.089489102363586426e-01
-4.312366545200347900e-01
-1.754855364561080933e-01
-2.005587220191955566e-01
-3.697483837604522705e-01
-2.913838922977447510e-01
-6.376314759254455566e-01
-3.764526247978210449e-01
-3.373169302940368652e-01
-2.862495481967926025e-01
1.732803136110305786e-01
-2.849031984806060791e-02
1.969891190528869629e-01
1.431332230567932129e-01
-1.933800131082534790e-01
-3.147574961185455322e-01
-7.939349859952926636e-02
7.622967660427093506e-02
-4.942308645695447922e-03
1.138749644160270691e-01
-7.063080370426177979e-02
6.611907482147216797e-02
-5.631973966956138611e-02
1.355043649673461914e-01
-1.137741133570671082e-01
3.534011915326118469e-02
-2.879533171653747559e-02
-1.975978463888168335e-01
9.571880102157592773e-02
-6.872209161520004272e-02
1.908110082149505615e-01
1.436364352703094482e-01
-2.435589432716369629e-01
-1.369069367647171021e-01
-9.134940803050994873e-02
-1.029500663280487061e-01
1.790734231472015381e-01
1.740464381873607635e-02
1.327832578681409359e-03
-1.069628074765205383e-01
-6.405752152204513550e-02
-9.232220053672790527e-02
9.934344887733459473e-02
1.764426231384277344e-01
-1.332289632409811020e-02
1.308998465538024902e-01
6.225581467151641846e-02
-7.025656849145889282e-02
-6.901004165410995483e-02
1.471764296293258667e-01
1.187091544270515442e-01
-2.021645009517669678e-02
5.847468599677085876e-02
-1.209319606423377991e-01
1.431647688150405884e-01
-8.404400199651718140e-02
1.453483849763870239e-01
1.091097965836524963e-01
-1.551150381565093994e-01
-2.638099947944283485e-03
1.866048723459243774e-01
3.493207693099975586e-02
6.060599163174629211e-02
2.075332999229431152e-01
-2.903641900047659874e-03
-4.768555462360382080e-01
-6.290088593959808350e-02
1.070249453186988831e-01
-1.163474693894386292e-01
-8.210918307304382324e-02
-1.937867403030395508e-01
-2.664353251457214355e-01
9.833914786577224731e-02
9.746798872947692871e-02
5.242401361465454102e-02
-2.858535572886466980e-02
-2.079561948776245117e-01
-3.049487769603729248e-01
7.619215757586061954e-04
5.098638683557510376e-02
2.562972307205200195e-01
5.155369639396667480e-01
-1.002810522913932800e-01
-3.662874102592468262e-01
1.329971104860305786e-01
4.728684574365615845e-02
-1.093100979924201965e-01
9.037903696298599243e-02
2.017301619052886963e-01
-2.375650852918624878e-01
-1.842224001884460449e-01
-5.103212594985961914e-01
-5.634931474924087524e-02
-9.670383483171463013e-02
-1.687989234924316406e-01
-2.256658822298049927e-01
-2.253304719924926758e-01
-1.985637098550796509e-01
-5.597715452313423157e-02
1.410513743758201599e-02
-3.603105200454592705e-03
-3.510356247425079346e-01
-5.434634685516357422e-01
-4.365792497992515564e-02
-7.883474230766296387e-03
-3.200809061527252197e-01
-1.265613362193107605e-02
-1.738283932209014893e-01
1.832229942083358765e-01
4.274658858776092529e-03
-1.850762218236923218e-01
-2.408742159605026245e-01
-2.766879461705684662e-02
-1.335866004228591919e-01
1.568567752838134766e-01
6.904047727584838867e-02
-1.166206151247024536e-01
2.022290974855422974e-02
1.865905895829200745e-02
-4.483763873577117920e-02
-2.091501504182815552e-01
5.707041546702384949e-02
1.424200981855392456e-01
-1.233715489506721497e-01
5.846088007092475891e-02
-1.810234934091567993e-01
5.161052197217941284e-02
1.337156444787979126e-01
7.794064283370971680e-02
-8.436305075883865356e-02
-1.302140206098556519e-01
-9.726512432098388672e-02
1.377502530813217163e-01
1.974957138299942017e-01
-1.013099923729896545e-01
1.260954886674880981e-01
1.379571557044982910e-01
-2.763283252716064453e-01
1.400224417448043823e-01
1.085009500384330750e-01
3.906297683715820312e-02
5.234729498624801636e-02
-2.943633198738098145e-01
-1.815260201692581177e-01
-1.000521481037139893e-01
-5.764319002628326416e-02
1.844038069248199463e-01
-8.971143513917922974e-02
-2.217344790697097778e-01
-1.653327494859695435e-01
-1.272095143795013428e-01
-9.025702625513076782e-02
-1.886545680463314056e-02
-8.030405640602111816e-02
1.286702230572700500e-02
3.253204822540283203e-01
-4.195846021175384521e-01
-1.639829874038696289e-01
1.962692141532897949e-01
-3.631451725959777832e-02
-1.033133491873741150e-01
2.610260844230651855e-01
-2.264781147241592407e-01
2.855256497859954834e-01
-3.474418446421623230e-02
-1.011990308761596680e-01
-4.400280117988586426e-01
9.142224490642547607e-02
3.481671214103698730e-01
-3.624243438243865967e-01
-3.437779247760772705e-01
2.884748280048370361e-01
1.002687495201826096e-02
6.287070456892251968e-03
-4.245077967643737793e-01
-2.143287062644958496e-01
-2.739735841751098633e-01
-2.165862172842025757e-01
-2.607612498104572296e-02
2.351405471563339233e-01
5.953410267829895020e-02
1.600395590066909790e-01
-8.277965337038040161e-02
-6.479949951171875000e-01
-1.461461782455444336e-01
2.943101227283477783e-01
1.868125647306442261e-01
-2.355207204818725586e-01
-1.879107803106307983e-01
4.192235469818115234e-01
6.500215083360671997e-02
4.191051721572875977e-01
2.166138887405395508e-01
7.173249498009681702e-03
-1.812258362770080566e-01
-1.192684322595596313e-01
2.396091967821121216e-01
3.486224412918090820e-01
-1.876006871461868286e-01
-4.217227920889854431e-02
4.229827225208282471e-01
-1.154542062431573868e-02
-4.479571804404258728e-02
-1.710129380226135254e-01
3.177336417138576508e-03
1.119255572557449341e-01
-1.078505292534828186e-01
-1.565318256616592407e-01
1.125732734799385071e-01
-3.244227468967437744e-01
-3.334057703614234924e-02
9.110844880342483521e-02
-7.480171625502407551e-04
-3.230439126491546631e-02
-2.507699429988861084e-01
-1.764041781425476074e-01
-8.213067799806594849e-02
-1.419599652290344238e-01
5.047967284917831421e-02
-1.893527209758758545e-01
-2.274572104215621948e-01
-1.882617622613906860e-01
-1.639305353164672852e-01
-1.497113406658172607e-01
-3.165524005889892578e-01
-2.893975079059600830e-01
5.923454463481903076e-02
1.496095657348632812e-01
1.995818689465522766e-02
9.444338828325271606e-02
6.929391622543334961e-02
2.007857859134674072e-01
8.976457267999649048e-02
-1.842107325792312622e-01
1.319287717342376709e-01
8.988837897777557373e-02
-1.925903931260108948e-02
-2.367573045194149017e-02
-5.242028236389160156e-01
-7.995162159204483032e-02
8.475410938262939453e-02
9.378676116466522217e-02
-3.880489617586135864e-02
1.036353781819343567e-01
-6.444011349231004715e-03
-9.269903600215911865e-02
-2.729376219213008881e-02
5.533571168780326843e-02
1.430640816688537598e-01
-2.887211740016937256e-01
1.987068504095077515e-01
-4.764141142368316650e-01
1.745326370000839233e-01
-4.096288606524467468e-02
-2.744991481304168701e-01
-3.857181072235107422e-01
1.978379487991333008e-01
-8.453544974327087402e-02
6.736244261264801025e-02
8.084917813539505005e-02
-1.188871413469314575e-01
1.496639661490917206e-02
8.490842580795288086e-02
-2.093685865402221680e-01
-1.067288741469383240e-01
1.658484488725662231e-01
-3.962642326951026917e-02
-2.515711784362792969e-01
-1.424451917409896851e-02
-6.491070240736007690e-02
8.364416658878326416e-02
3.539171442389488220e-02
1.578769087791442871e-02
1.291952729225158691e-01
-3.905781358480453491e-02
1.513830125331878662e-01
-3.553108125925064087e-02
2.251551747322082520e-01
-3.566795289516448975e-01
-5.645664930343627930e-01
-4.215379655361175537e-01
3.166509568691253662e-01
-1.154588758945465088e-01
-5.552759170532226562e-01
-3.710304200649261475e-01
3.940406143665313721e-01
1.224526613950729370e-01
4.610446095466613770e-01
-4.862061515450477600e-02
-3.819258138537406921e-02
-3.767561912536621094e-02
-2.358538210391998291e-01
3.071302175521850586e-01
4.687464535236358643e-01
-2.367486357688903809e-01
-2.008245885372161865e-01
-1.957388222217559814e-01
-1.788042187690734863e-01
-3.210109099745750427e-02
-3.684220463037490845e-02
9.820678830146789551e-02
1.604557484388351440e-01
-1.510657817125320435e-01
-8.777245879173278809e-02
-2.834155224263668060e-02
-1.150006204843521118e-01
2.066636979579925537e-01
6.348221749067306519e-02
-1.026415172964334488e-02
3.684647381305694580e-02
-3.876112774014472961e-02
-9.439872950315475464e-02
-2.578047290444374084e-02
-1.831189263612031937e-03
1.338520348072052002e-01
-4.461443424224853516e-02
4.933909047394990921e-03
2.727953530848026276e-02
-3.094824217259883881e-02
1.058217734098434448e-01
-1.988178491592407227e-01
-3.221981227397918701e-01
-3.654017671942710876e-02
-2.690495550632476807e-01
1.259554326534271240e-01
2.158011198043823242e-01
-1.032747253775596619e-01
-2.499751895666122437e-01
2.330272831022739410e-02
3.119970858097076416e-02
2.176707535982131958e-01
1.155940070748329163e-01
-2.159291654825210571e-01
-4.896951839327812195e-02
-3.941059857606887817e-02
4.884237051010131836e-02
-6.027020141482353210e-02
1.353641897439956665e-01
1.447282638400793076e-02
-9.069438278675079346e-02
-7.807019352912902832e-02
6.611514091491699219e-02
1.172929033637046814e-01
-1.033439394086599350e-02
-1.501091718673706055e-01
3.322766628116369247e-03
-5.852533131837844849e-02
2.864611102268099785e-03
-1.799023002386093140e-01
-4.224553331732749939e-02
-2.143366960808634758e-03
6.908065676689147949e-01
1.252149604260921478e-02
-1.459274739027023315e-01
-2.707431018352508545e-01
2.479704171419143677e-01
-2.546019479632377625e-02
-3.298838138580322266e-01
-4.110024571418762207e-01
-4.149699509143829346e-01
1.742627620697021484e-01
5.476064048707485199e-03
-2.682226896286010742e-01
2.771475613117218018e-01
-6.656899303197860718e-02
-3.764321506023406982e-01
-1.611731797456741333e-01
7.532198727130889893e-02
5.810204520821571350e-02
-2.452561110258102417e-01
-1.072441413998603821e-01
9.662195108830928802e-03
2.127019502222537994e-02
1.002317145466804504e-01
8.321762084960937500e-03
3.622356951236724854e-01
1.900825798511505127e-01
-3.135349974036216736e-02
3.855565488338470459e-01
-4.392525926232337952e-02
-6.490851938724517822e-02
2.773894369602203369e-01
-1.139248609542846680e-01
4.134963154792785645e-01
1.371981650590896606e-01
-1.977809220552444458e-01
-1.794353574514389038e-01
-2.259491682052612305e-01
1.340659856796264648e-01
2.817049324512481689e-01
-2.129223644733428955e-01
-3.699809014797210693e-01
-4.895018413662910461e-02
-5.731736868619918823e-02
-2.802371047437191010e-03
5.881444551050662994e-03
-2.627494931221008301e-01
-3.610134720802307129e-01
-5.352891981601715088e-02
-6.088338419795036316e-02
-1.745991036295890808e-02
4.058793932199478149e-02
-1.089461296796798706e-01
-1.651647537946701050e-01
6.162683293223381042e-02
-1.094843596220016479e-01
-1.929304748773574829e-02
8.213436603546142578e-02
-1.919745653867721558e-01
1.227559968829154968e-01
8.817545324563980103e-02
1.617734879255294800e-01
3.236448392271995544e-02
1.373330410569906235e-02
-1.120851039886474609e-01
-1.549046784639358521e-01
8.054009079933166504e-02
-6.423477549105882645e-03
-9.266406297683715820e-02
1.601213589310646057e-02
-4.145665466785430908e-01
-1.427094340324401855e-01
-6.374865770339965820e-02
-1.911589801311492920e-01
-7.047896087169647217e-02
1.560127735137939453e-01
1.764802485704421997e-01
-1.874899715185165405e-01
1.389128565788269043e-01
-4.840892925858497620e-02
8.664298802614212036e-02
1.505549699068069458e-01
-2.623708844184875488e-01
-1.224487721920013428e-01
1.340585798025131226e-01
-9.105656063184142113e-04
5.196219682693481445e-02
1.185703054070472717e-01
-1.863764598965644836e-02
-5.746272206306457520e-02
8.059759438037872314e-02
-1.435698866844177246e-01
-9.210387244820594788e-03
-1.786572039127349854e-01
-2.947043478488922119e-01
-1.214031130075454712e-01
-8.782187849283218384e-02
7.058308273553848267e-02
2.991930209100246429e-02
1.002477332949638367e-01
1.272546499967575073e-01
-2.759681940078735352e-01
6.094000488519668579e-02
9.847600013017654419e-02
2.940384149551391602e-01
9.482647292315959930e-03
-1.016213297843933105e-01
-2.830293774604797363e-01
4.893471300601959229e-02
-2.574556320905685425e-02
-3.598237410187721252e-02
1.211678702384233475e-02
-1.759573072195053101e-02
-2.043545246124267578e-01
5.071935430169105530e-02
-2.261555045843124390e-01
-8.203430473804473877e-02
3.970085456967353821e-02
8.855734020471572876e-02
7.690024375915527344e-02
-1.227179989218711853e-01
5.492434501647949219e-01
9.113012254238128662e-02
-4.309680685400962830e-02
3.022286295890808105e-01
-2.309859544038772583e-01
-3.891177475452423096e-01
4.135468006134033203e-01
-3.305741399526596069e-02
2.082676887512207031e-01
1.699992455542087555e-02
-1.257239431142807007e-01
-1.901816278696060181e-01
-4.138103723526000977e-01
2.607290148735046387e-01
8.787940442562103271e-02
-2.995439767837524414e-01
-4.956137835979461670e-01
8.702262490987777710e-02
-2.089427970349788666e-02
-1.190885528922080994e-01
7.162549346685409546e-02
-3.439644277095794678e-01
-2.880130708217620850e-01
9.590992331504821777e-02
-6.130097806453704834e-02
3.986980766057968140e-02
1.743465214967727661e-01
-1.698882505297660828e-02
-1.908122748136520386e-01
4.590018466114997864e-02
1.039125770330429077e-01
6.897448003292083740e-02
1.112483292818069458e-01
-1.952372305095195770e-02
-9.720680536702275276e-04
1.112550869584083557e-01
3.375333175063133240e-02
9.472438693046569824e-02
3.313954919576644897e-02
-1.073979288339614868e-01
-1.216879487037658691e-02
2.091532349586486816e-01
1.278398651629686356e-02
-3.201940953731536865e-01
5.580777302384376526e-02
-3.366540074348449707e-01
-3.017399311065673828e-01
8.978807181119918823e-02
2.428886890411376953e-01
-3.976571187376976013e-02
1.154804378747940063e-01
2.605024278163909912e-01
-1.080472841858863831e-01
6.050613895058631897e-02
9.892005473375320435e-02
1.983332037925720215e-01
1.078773289918899536e-01
-2.329510599374771118e-01
-1.040279269218444824e-01
1.525852680206298828e-01
-1.365887969732284546e-01
4.269205406308174133e-02
1.543858796358108521e-01
-1.241821981966495514e-02
-2.059312909841537476e-01
-3.523606434464454651e-02
-1.801550537347793579e-01
-1.171510294079780579e-01
-3.823589384555816650e-01
-2.248337715864181519e-01
-3.303538560867309570e-01
3.804031386971473694e-02
-1.928426027297973633e-01
2.937348783016204834e-01
2.978776991367340088e-01
-9.580285847187042236e-02
-1.675832867622375488e-01
2.654621899127960205e-01
-2.700239717960357666e-01
2.576591074466705322e-01
-7.661780714988708496e-02
-1.371222268790006638e-02
-4.155482351779937744e-01
-8.619004487991333008e-02
-1.678066402673721313e-01
-2.413529902696609497e-02
-7.418564707040786743e-02
-3.230107128620147705e-01
-5.858860611915588379e-01
3.276801407337188721e-01
1.071426570415496826e-01
-3.921479359269142151e-02
-5.265790224075317383e-01
-1.155465394258499146e-01
-4.641124010086059570e-01
-1.307396292686462402e-01
-3.960133194923400879e-01
3.169347643852233887e-01
2.559687495231628418e-01
9.166961163282394409e-02
-3.214092552661895752e-01
5.986501276493072510e-02
8.150526881217956543e-02
1.641950160264968872e-01
2.666600346565246582e-01
-6.218593120574951172e-01
-6.627885252237319946e-02
2.732988819479942322e-02
-1.942851990461349487e-01
3.763256967067718506e-01
4.120633602142333984e-01
-1.619683802127838135e-01
-3.485674858093261719e-01
1.439554430544376373e-02
-2.066905498504638672e-01
-1.801247149705886841e-01
3.485343232750892639e-02
-1.345457434654235840e-01
1.586946286261081696e-02
6.917600333690643311e-02
2.582140564918518066e-01
1.181283891201019287e-01
5.656127631664276123e-02
1.340824067592620850e-01
-9.682250022888183594e-02
-1.393264811486005783e-02
2.573722898960113525e-01
-1.413147002458572388e-01
2.577087581157684326e-01
-1.266218721866607666e-02
-2.231518477201461792e-01
8.916591852903366089e-02
2.109479391947388649e-04
2.541243657469749451e-02
1.176887527108192444e-01
9.944724850356578827e-03
-1.481183618307113647e-02
1.856674849987030029e-01
-5.625039711594581604e-02
-2.913257777690887451e-01
-2.931290864944458008e-01
-4.221777319908142090e-01
-4.507376551628112793e-01
-1.185909435153007507e-01
-7.211451884359121323e-03
-1.004959363490343094e-02
1.270029693841934204e-01
4.628058895468711853e-02
-2.080775350332260132e-01
6.240517646074295044e-02
-6.191715598106384277e-02
3.032526671886444092e-01
6.970655918121337891e-02
-3.637857437133789062e-01
-3.869327902793884277e-01
1.141981482505798340e-01
1.081158518791198730e-01
4.511676356196403503e-02
1.269214451313018799e-01
-3.105755448341369629e-01
-1.017005294561386108e-01
1.743930578231811523e-01
-8.431548625230789185e-02
3.917663544416427612e-02
9.877760708332061768e-02
-3.135980069637298584e-01
8.982597291469573975e-02
1.823985129594802856e-01
-1.422987580299377441e-01
1.899551227688789368e-02
-3.058593720197677612e-02
3.128531621769070625e-03
1.560682654380798340e-01
7.757844030857086182e-02
-4.352093860507011414e-02
-2.968810498714447021e-01
-7.584879547357559204e-02
1.864578723907470703e-01
8.044424653053283691e-02
-4.270656965672969818e-03
1.882685124874114990e-01
-2.296527326107025146e-01
4.158720374107360840e-02
5.013294890522956848e-02
2.312031388282775879e-01
2.289770692586898804e-01
2.122515439987182617e-01
1.062952801585197449e-01
-4.993237555027008057e-01
2.984507381916046143e-01
-1.633837670087814331e-01
-4.584446549415588379e-01
-2.523479163646697998e-01
2.080223262310028076e-01
-1.306513547897338867e-01
-1.769618503749370575e-02
1.531321462243795395e-02
-2.209609299898147583e-01
1.894862949848175049e-01
5.044116079807281494e-02
3.049546182155609131e-01
-5.976555943489074707e-01
1.331715434789657593e-01
-1.051285564899444580e-01
-2.344878464937210083e-01
3.235802054405212402e-01
3.455395400524139404e-01
-2.528906166553497314e-01
-3.344551324844360352e-01
1.805132180452346802e-01
1.114472001791000366e-01
-3.983423486351966858e-02
2.027174457907676697e-02
-1.839835494756698608e-01
-2.560662031173706055e-01
8.140668272972106934e-02
-2.180676013231277466e-01
3.933283686637878418e-02
1.604432612657546997e-01
1.678904145956039429e-01
-2.360314577817916870e-01
1.308587789535522461e-01
2.377751655876636505e-02
1.334125995635986328e-01
-8.123103529214859009e-02
-2.591590881347656250e-01
-5.436384305357933044e-02
-1.362470164895057678e-02
-2.803802862763404846e-02
-9.973637014627456665e-02
1.687746942043304443e-01
-1.875963211059570312e-01
-1.748515963554382324e-01
2.231918647885322571e-02
-2.757040783762931824e-03
-1.710966527462005615e-01
-4.403829202055931091e-02
-3.503544926643371582e-01
-4.010042250156402588e-01
-8.786105364561080933e-02
-1.212728321552276611e-01
-2.492619864642620087e-02
1.004476100206375122e-01
-1.538688968867063522e-02
-1.340488344430923462e-01
3.749183937907218933e-02
3.225645050406455994e-03
6.281745433807373047e-02
-1.180358231067657471e-03
-1.754413843154907227e-01
-2.153711393475532532e-02
2.578438073396682739e-02
1.140209063887596130e-01
1.325846612453460693e-01
8.138225227594375610e-02
2.757339365780353546e-02
3.626895695924758911e-02
2.147485464811325073e-01
-4.432525932788848877e-01
-9.904180467128753662e-02
-3.853160142898559570e-01
-2.784975171089172363e-01
-5.259457230567932129e-01
-6.292358040809631348e-02
7.283965824171900749e-04
-1.640410274267196655e-01
1.926585286855697632e-01
-3.348821401596069336e-02
2.677278220653533936e-02
-2.064786553382873535e-01
-2.215022146701812744e-01
3.397134542465209961e-01
-5.944588780403137207e-02
-8.865774422883987427e-02
-7.737752199172973633e-01
1.005001664161682129e-01
3.244239836931228638e-02
-1.875832378864288330e-01
-8.023756742477416992e-02
-1.682501845061779022e-02
-2.554422616958618164e-02
-2.743120491504669189e-02
2.489931583404541016e-01
-2.443654835224151611e-01
1.348854899406433105e-01
1.003248393535614014e-01
1.236682534217834473e-01
-4.923092573881149292e-02
1.876741647720336914e-01
-7.618102431297302246e-02
-7.891446352005004883e-02
1.032903566956520081e-01
-2.038933038711547852e-01
-7.476677000522613525e-02
2.453780472278594971e-01
-2.150690704584121704e-01
3.658230602741241455e-01
9.746759384870529175e-02
-2.519108355045318604e-01
-1.006144732236862183e-01
-3.085261210799217224e-02
-9.219635277986526489e-02
2.748244106769561768e-01
-3.314615190029144287e-01
-4.605342447757720947e-01
8.188481628894805908e-02
1.340423673391342163e-01
2.129592895507812500e-01
-3.153669182211160660e-03
-7.251170277595520020e-02
1.513497084379196167e-01
-1.498221699148416519e-02
-1.677288562059402466e-01
-4.870291799306869507e-02
-1.135846376419067383e-01
6.240594387054443359e-02
-1.069471691153012216e-04
-5.418388918042182922e-02
-2.312714979052543640e-02
-1.549912095069885254e-01
1.538534015417098999e-01
7.849259674549102783e-02
2.060434520244598389e-01
3.025660477578639984e-02
1.995446830987930298e-01
7.043056935071945190e-02
1.181151866912841797e-01
7.535095512866973877e-02
1.756266802549362183e-01
-7.666834164410829544e-03
5.101189389824867249e-02
8.912187069654464722e-02
1.914090067148208618e-01
-2.409913539886474609e-01
1.508153825998306274e-01
2.149113453924655914e-02
-2.599847614765167236e-01
2.793160267174243927e-02
7.751845568418502808e-02
-2.166539803147315979e-02
-5.505026504397392273e-02
-9.526716917753219604e-02
7.149738073348999023e-02
-2.492157071828842163e-01
-3.187775239348411560e-02
1.309656500816345215e-01
1.990204453468322754e-01
1.626768708229064941e-01
1.023508459329605103e-01
-6.674007326364517212e-02
1.893305927515029907e-01
1.185614019632339478e-01
-4.459419474005699158e-02
2.119299024343490601e-02
-1.185143962502479553e-01
-1.023113355040550232e-01
-1.324209570884704590e-01
-9.141347557306289673e-02
-5.970636382699012756e-02
-1.774355620145797729e-01
1.762840300798416138e-01
-1.058010086417198181e-01
6.771939992904663086e-02
5.930226296186447144e-02
-1.628671884536743164e-01
-4.788252338767051697e-02
1.116645187139511108e-01
-2.134289592504501343e-01
1.874717473983764648e-01
-6.315133534371852875e-03
1.704766899347305298e-01
1.186627969145774841e-01
1.005406901240348816e-01
1.855754107236862183e-01
1.314018815755844116e-01
2.912710793316364288e-02
1.620828658342361450e-01
-1.947334110736846924e-01
8.907718956470489502e-02
-1.119532734155654907e-01
-1.068374142050743103e-01
1.078061610460281372e-01
1.901224553585052490e-01
-2.569437623023986816e-01
2.859084010124206543e-01
-1.231746450066566467e-01
1.332798451185226440e-01
1.500232666730880737e-01
-4.168008267879486084e-01
-3.043337762355804443e-01
2.674495279788970947e-01
-2.015128433704376221e-01
3.455118536949157715e-01
-5.043958500027656555e-02
-1.810274571180343628e-01
-1.042666733264923096e-01
-1.404783427715301514e-01
5.905837938189506531e-02
9.128333628177642822e-02
-2.924816608428955078e-01
-2.356740683317184448e-01
8.459006994962692261e-02
-6.366072595119476318e-02
-1.336632575839757919e-02
1.146664172410964966e-01
-1.864725053310394287e-01
6.521803885698318481e-02
9.813603758811950684e-02
-1.631803810596466064e-01
-1.340421438217163086e-01
-3.069639578461647034e-02
2.068332135677337646e-01
-4.795172438025474548e-02
9.031273424625396729e-03
-8.256645500659942627e-02
-2.604542076587677002e-01
4.838269948959350586e-02
4.629530385136604309e-02
1.937219500541687012e-01
1.217093411833047867e-02
1.323204189538955688e-01
-6.300023943185806274e-02
8.323339372873306274e-02
1.723479628562927246e-01
4.330065846443176270e-02
1.317327748984098434e-02
1.329400390386581421e-02
4.305030405521392822e-02
-3.178193792700767517e-02
-1.792798787355422974e-01
-3.308275341987609863e-02
1.768672317266464233e-01
-3.783167526125907898e-02
-3.826789185404777527e-02
-1.158087849617004395e-01
2.164281904697418213e-01
-4.083486273884773254e-02
4.548773542046546936e-02
1.126787737011909485e-01
-2.670541703701019287e-01
6.620430201292037964e-02
3.311687707901000977e-02
-8.568695746362209320e-03
1.269835084676742554e-01
-3.586098179221153259e-02
9.186064451932907104e-02
1.362790167331695557e-01
9.891710430383682251e-02
1.259714066982269287e-01
7.346868515014648438e-02
7.703544106334447861e-03
-1.977444887161254883e-01
2.193482965230941772e-01
-1.350835412740707397e-01
-2.061747312545776367e-01
2.890913486480712891e-01
-2.958061397075653076e-01
3.382268846035003662e-01
8.063305169343948364e-02
-1.170779541134834290e-01
-1.955017820000648499e-02
3.345713019371032715e-01
-1.533202826976776123e-01
9.112165868282318115e-02
-3.230437934398651123e-01
5.131709575653076172e-01
-3.454508185386657715e-01
8.600832521915435791e-02
1.892474293708801270e-01
-1.062179803848266602e-01
-3.136293590068817139e-02
-2.769086062908172607e-01
8.302264846861362457e-03
3.432757854461669922e-01
1.645759046077728271e-01
1.679774224758148193e-01
-6.579674780368804932e-02
-1.525087654590606689e-01
7.865743339061737061e-02
2.004013508558273315e-01
-3.841913044452667236e-01
3.120673298835754395e-01
2.537941038608551025e-01
-1.547473967075347900e-01
-1.062234640121459961e-01
2.833916842937469482e-01
1.712312400341033936e-01
-1.877449601888656616e-01
2.804134190082550049e-01
5.072714760899543762e-02
1.082152593880891800e-03
-1.591912060976028442e-01
2.447274327278137207e-02
2.260947823524475098e-01
2.543913722038269043e-01
-2.697659656405448914e-02
-9.052275121212005615e-02
1.723394840955734253e-01
3.324569761753082275e-02
-1.961846053600311279e-01
2.735358774662017822e-01
-2.286849077790975571e-03
1.566975414752960205e-01
5.240553244948387146e-02
-8.891827426850795746e-03
-1.823601722717285156e-01
-3.878549113869667053e-02
9.541522711515426636e-02
4.326801747083663940e-02
-1.082124933600425720e-02
1.576565057039260864e-01
-1.697167605161666870e-01
2.556793689727783203e-01
2.321402877569198608e-01
-6.516720633953809738e-03
1.958798319101333618e-01
-9.272556751966476440e-02
-7.647014409303665161e-02
7.141095399856567383e-02
-9.154353290796279907e-02
-9.393122792243957520e-02
1.579220741987228394e-01
-1.420261263847351074e-01
2.113904356956481934e-01
-2.210294753313064575e-01
-3.417440354824066162e-01
-2.017542570829391479e-01
1.611815541982650757e-01
-1.072533503174781799e-01
5.464366078376770020e-02
-6.583215296268463135e-02
-1.017560809850692749e-01
9.572248905897140503e-02
-1.509183943271636963e-01
-3.757403790950775146e-02
-3.314430117607116699e-01
-6.754621118307113647e-02
-4.725206270813941956e-02
1.319691985845565796e-01
1.852954924106597900e-01
2.074691951274871826e-01
1.189051643013954163e-01
-4.739505820907652378e-04
1.898537576198577881e-02
1.316958963871002197e-01
2.631143331527709961e-01
9.944681078195571899e-02
1.158702969551086426e-01
3.399582952260971069e-02
-1.238308399915695190e-01
2.880347073078155518e-01
2.592999339103698730e-01
-3.426285982131958008e-01
-2.686979174613952637e-01
2.463506162166595459e-02
-1.108916476368904114e-02
1.147129759192466736e-01
-2.410529255867004395e-01
-9.829080849885940552e-02
1.960140764713287354e-01
8.516888320446014404e-02
2.271462380886077881e-01
4.237294197082519531e-03
1.159527897834777832e-01
7.584017515182495117e-02
-4.644610360264778137e-02
3.868349269032478333e-02
-5.914055556058883667e-02
1.328881531953811646e-01
3.147531151771545410e-01
2.643324732780456543e-01
-1.265500634908676147e-01
-2.625538110733032227e-01
2.016731947660446167e-01
-2.081892937421798706e-01
-2.112304866313934326e-01
-5.598915740847587585e-02
3.398284912109375000e-01
-1.039207354187965393e-01
-9.664974361658096313e-02
-2.650450170040130615e-01
-2.225267328321933746e-02
-7.502130419015884399e-02
-2.894938588142395020e-01
2.860299944877624512e-01
-1.665002703666687012e-01
-4.600977525115013123e-02
-2.196756005287170410e-01
-2.544136941432952881e-01
1.209405362606048584e-01
2.051021903753280640e-01
-1.331740915775299072e-01
-2.449218332767486572e-01
1.704452782869338989e-01
1.464129090309143066e-01
-5.605287384241819382e-03
6.083296239376068115e-02
-2.556728720664978027e-01
4.197620321065187454e-03
1.362329572439193726e-01
-2.349380105733871460e-01
3.053004108369350433e-02
-6.302563846111297607e-02
4.800614342093467712e-02
1.256361901760101318e-01
2.475734055042266846e-02
-1.152143403887748718e-01
-8.353172987699508667e-02
8.627278357744216919e-02
1.829340159893035889e-01
1.647176295518875122e-01
-3.402041271328926086e-02
1.455050706863403320e-01
3.622952476143836975e-02
-3.360054269433021545e-02
-7.067301869392395020e-02
1.543011665344238281e-01
1.293217577040195465e-02
-2.094576135277748108e-02
6.237763911485671997e-02
2.672784589231014252e-02
-1.479556560516357422e-01
7.135643810033798218e-02
9.675354510545730591e-02
-1.523303687572479248e-01
-1.056377813220024109e-01
2.231875248253345490e-02
1.629033386707305908e-01
9.847328811883926392e-02
-7.215076684951782227e-02
-9.559409320354461670e-02
-3.094061315059661865e-01
-1.354979071766138077e-02
6.842683255672454834e-02
2.544999495148658752e-02
1.138879656791687012e-01
8.674392849206924438e-02
1.125657856464385986e-01
3.636148944497108459e-02
8.532481640577316284e-02
1.964296698570251465e-01
8.365563303232192993e-02
-2.152551710605621338e-01
5.425160005688667297e-02
-3.542829751968383789e-01
-2.549185752868652344e-01
-1.906672120094299316e-01
-2.893107756972312927e-02
1.143381148576736450e-01
-4.419127106666564941e-02
9.727615863084793091e-03
-1.550951451063156128e-01
-3.573336452245712280e-02
-2.327034622430801392e-01
-2.823280394077301025e-01
4.121286869049072266e-01
-3.341652452945709229e-01
2.731820642948150635e-01
-7.462147623300552368e-02
1.870568692684173584e-01
2.970415055751800537e-01
-3.301275968551635742e-01
-1.475318670272827148e-01
1.104459464550018311e-01
2.653721868991851807e-01
-3.259519934654235840e-01
-1.148924045264720917e-02
-1.881499215960502625e-02
-1.077510267496109009e-01
2.835994958877563477e-01
1.721189320087432861e-01
-4.609099626541137695e-01
-4.470458030700683594e-01
-9.631744585931301117e-03
3.514645248651504517e-02
3.792723640799522400e-02
-2.607946395874023438e-01
-6.212937086820602417e-02
1.953622549772262573e-01
-2.671994082629680634e-02
3.706677258014678955e-01
-2.218537032604217529e-01
-1.263036280870437622e-01
-1.208102107048034668e-01
-4.045219719409942627e-01
2.743743360042572021e-01
1.521627157926559448e-01
-3.025618493556976318e-01
-1.819728165864944458e-01
-5.298819392919540405e-02
5.641175806522369385e-02
1.896930783987045288e-01
1.078814119100570679e-01
-2.161801159381866455e-01
-4.518692195415496826e-02
-4.622058570384979248e-02
-9.611792117357254028e-02
-4.652515053749084473e-02
1.543980091810226440e-01
-6.970085203647613525e-02
1.256653219461441040e-01
5.713310837745666504e-02
-1.709541976451873779e-01
3.510061800479888916e-01
-5.438376963138580322e-02
-6.605178583413362503e-03
7.592324167490005493e-02
7.964716106653213501e-02
-2.026165872812271118e-01
-4.004929959774017334e-02
1.313306987285614014e-01
2.198701500892639160e-01
7.368952035903930664e-02
-2.057944983243942261e-01
-1.242858543992042542e-01
-5.000494420528411865e-02
8.468119800090789795e-02
-1.279215216636657715e-01
-4.569214954972267151e-02
-2.815985120832920074e-02
-2.125587314367294312e-01
-1.107722744345664978e-01
1.209993585944175720e-01
-7.672783732414245605e-02
5.975454300642013550e-02
-2.177884876728057861e-01
-7.444416731595993042e-02
2.572816610336303711e-01
1.492973268032073975e-01
-8.590635657310485840e-02
8.545752614736557007e-02
-8.939452469348907471e-02
-4.876950755715370178e-02
1.451448500156402588e-01
-2.032232703641057014e-03
1.447687000036239624e-01
-1.355651915073394775e-01
-2.969202995300292969e-01
-1.653915792703628540e-01
3.107713162899017334e-01
3.010041313245892525e-03
1.345389485359191895e-01
1.553192138671875000e-01
-1.253766119480133057e-01
-2.419285476207733154e-01
3.514587879180908203e-02
4.477306269109249115e-03
2.409839034080505371e-01
1.172170508652925491e-02
4.411647468805313110e-02
1.061730161309242249e-01
2.198424004018306732e-02
1.118571460247039795e-01
-1.462986879050731659e-02
1.371687203645706177e-01
-2.210674621164798737e-02
6.101314723491668701e-02
1.173941493034362793e-01
-3.809785097837448120e-02
9.079930186271667480e-02
1.041039451956748962e-01
-6.589035987854003906e-01
-3.156190812587738037e-01
2.314917296171188354e-01
-6.550763547420501709e-02
3.096975088119506836e-01
3.208552300930023193e-01
-4.483206272125244141e-01
-3.133542835712432861e-02
-2.322913520038127899e-02
5.056810565292835236e-03
2.627282440662384033e-01
-3.927240073680877686e-01
-6.832590699195861816e-02
6.628468632698059082e-02
-2.529770135879516602e-02
3.147923350334167480e-01
-2.924687564373016357e-01
1.396216601133346558e-01
-1.039170427247881889e-03
-5.124585330486297607e-02
1.746867150068283081e-01
8.702605962753295898e-02
-2.435127645730972290e-01
1.163472607731819153e-02
-1.423649638891220093e-01
-5.280049145221710205e-02
1.456186622381210327e-01
6.658878922462463379e-02
-1.368878185749053955e-01
-1.243182942271232605e-01
4.397369548678398132e-02
-8.472149819135665894e-02
-1.534616202116012573e-01
1.651996374130249023e-01
1.795917376875877380e-02
1.770889461040496826e-01
-1.964899897575378418e-02
-1.206822618842124939e-01
1.934235244989395142e-01
1.292870640754699707e-01
-6.651494652032852173e-02
-4.168598353862762451e-02
-5.894610658288002014e-02
-2.176422029733657837e-01
7.260204851627349854e-02
9.105343371629714966e-02
9.029272943735122681e-02
-5.830093845725059509e-02
-2.901430428028106689e-01
-8.982244133949279785e-02
2.640718519687652588e-01
3.445889800786972046e-02
1.065554916858673096e-01
9.699904173612594604e-02
-2.548253722488880157e-02
-3.242591917514801025e-01
-1.593961715698242188e-01
1.927816718816757202e-01
4.225003346800804138e-02
6.914787739515304565e-02
-8.876350522041320801e-02
6.426662951707839966e-02
2.368968129158020020e-01
1.508240848779678345e-01
-7.181288301944732666e-02
2.869044058024883270e-02
8.653080463409423828e-02
-3.678151592612266541e-02
2.252770401537418365e-02
1.986409872770309448e-01
2.922648796811699867e-03
1.285686045885086060e-01
5.470780730247497559e-01
3.217498660087585449e-01
-7.340005040168762207e-02
4.788399934768676758e-01
-4.127377867698669434e-01
-1.894422471523284912e-01
4.117104411125183105e-01
-3.218920826911926270e-01
2.481895238161087036e-01
-1.143987625837326050e-01
-4.543060064315795898e-01
3.216147422790527344e-01
2.829402983188629150e-01
-1.927514970302581787e-01
2.746976725757122040e-02
-3.214006721973419189e-01
5.025460124015808105e-01
-1.436096429824829102e-01
-7.101349532604217529e-02
4.007694423198699951e-01
-1.669883728027343750e-01
-1.956507265567779541e-01
-4.017928987741470337e-02
2.416255623102188110e-01
9.951539337635040283e-02
2.575948238372802734e-01
-5.445225164294242859e-02
3.062012791633605957e-01
-2.810888290405273438e-01
-1.987532079219818115e-01
1.524850279092788696e-01
7.313960045576095581e-02
-6.159580871462821960e-02
2.484128922224044800e-01
-4.320740103721618652e-01
-1.098155826330184937e-01
-1.080325096845626831e-01
-1.564708948135375977e-01
5.366836488246917725e-02
1.329297423362731934e-01
3.752584457397460938e-01
-3.622071146965026855e-01
-4.123971760272979736e-01
-1.169405225664377213e-02
2.169537842273712158e-01
3.178215026855468750e-01
-2.238330692052841187e-01
-8.991290628910064697e-02
-4.225389957427978516e-01
3.233351930975914001e-02
-7.653032243251800537e-02
5.071311444044113159e-02
1.895212102681398392e-03
-3.065154701471328735e-02
-1.543357074260711670e-01
-2.945537865161895752e-01
-2.259422242641448975e-01
6.604173034429550171e-02
-6.167681887745857239e-02
1.201265230774879456e-01
-1.905687004327774048e-01
-2.151042036712169647e-02
1.903849542140960693e-01
2.156353741884231567e-01
1.155126467347145081e-01
-8.915796875953674316e-02
-8.657436817884445190e-02
-2.307335138320922852e-01
-1.230460219085216522e-02
1.376590430736541748e-01
7.612310349941253662e-02
-9.274745732545852661e-02
1.360599994659423828e-01
-1.743296980857849121e-01
3.217572867870330811e-01
1.021898016333580017e-01
-1.080934628844261169e-01
2.333438247442245483e-01
2.204347103834152222e-01
-4.924792647361755371e-01
4.777192138135433197e-03
-2.567217452451586723e-03
1.543006598949432373e-01
1.916515231132507324e-01
-8.268614858388900757e-02
-3.955261036753654480e-02
9.246267378330230713e-02
4.905821755528450012e-02
1.290511637926101685e-01
2.971602678298950195e-01
8.925616741180419922e-02
1.897274106740951538e-01
9.514794498682022095e-02
5.024063587188720703e-02
2.504061460494995117e-01
3.495726585388183594e-01
-3.624067008495330811e-01
-1.737512648105621338e-01
-2.407352067530155182e-02
-1.355563849210739136e-01
-1.829695552587509155e-01
-2.141809612512588501e-01
-1.639255434274673462e-01
-1.772369295358657837e-01
-1.124060600996017456e-01
4.180889949202537537e-02
-2.071301341056823730e-01
2.271350473165512085e-01
-2.731300592422485352e-01
-3.257074952125549316e-02
4.398207962512969971e-01
2.088328078389167786e-02
-1.154653131961822510e-01
1.143647264689207077e-02
-2.335395365953445435e-01
-4.365935623645782471e-01
-9.432024508714675903e-02
6.680553406476974487e-02
2.264192849397659302e-01
-1.444477289915084839e-01
3.160451352596282959e-01
5.066393017768859863e-01
-3.199430108070373535e-01
2.832854390144348145e-01
-4.799303784966468811e-02
-2.815833985805511475e-01
8.212070912122726440e-02
2.947955727577209473e-01
1.742703914642333984e-01
1.120029613375663757e-01
-6.954040527343750000e-01
-3.519234359264373779e-01
1.515939459204673767e-02
-3.958165049552917480e-01
1.334681361913681030e-01
2.741963267326354980e-01
8.032260835170745850e-02
-3.646726906299591064e-01
-4.235831499099731445e-01
-2.175860852003097534e-01
-6.026636809110641479e-02
2.706961929798126221e-01
-4.049725830554962158e-01
-2.569066584110260010e-01
-9.549538046121597290e-02
-4.729065112769603729e-03
-8.985143899917602539e-02
2.413724362850189209e-02
-2.006796747446060181e-01
-9.897253662347793579e-02
5.579964071512222290e-02
-1.976710408926010132e-01
-1.722036898136138916e-01
5.854777991771697998e-02
-9.320992976427078247e-02
9.962939471006393433e-02
-1.465457142330706120e-03
-2.300523594021797180e-02
2.125307023525238037e-01
3.844274580478668213e-02
6.639973819255828857e-02
7.941051572561264038e-02
-8.827403932809829712e-02
-2.035223692655563354e-01
7.488697022199630737e-02
3.947061300277709961e-02
1.689069420099258423e-01
-9.363012015819549561e-02
-2.652588784694671631e-01
-1.694491803646087646e-01
3.086733631789684296e-02
3.638155758380889893e-02
-7.615083456039428711e-02
-1.309784054756164551e-01
-3.872944787144660950e-02
-2.799417078495025635e-01
-1.478342413902282715e-01
9.473066031932830811e-02
6.719563901424407959e-02
8.314196765422821045e-02
-4.198969528079032898e-02
-6.838175933808088303e-03
1.841680705547332764e-01
8.289986848831176758e-02
-9.698528796434402466e-02
9.641744196414947510e-02
-2.369634248316287994e-02
-1.938557624816894531e-01
-4.212436731904745102e-03
3.979283198714256287e-02
8.498461544513702393e-02
-1.239513382315635681e-01
1.782429665327072144e-01
-3.493747711181640625e-01
2.462369501590728760e-01
-3.720740601420402527e-02
-2.661201059818267822e-01
2.594195865094661713e-02
2.472642213106155396e-01
-5.676666498184204102e-01
-1.453231275081634521e-01
-3.643800318241119385e-01
2.526388876140117645e-02
3.238220512866973877e-01
-1.924224011600017548e-02
-1.529096662998199463e-01
6.164444610476493835e-02
-3.508626520633697510e-01
2.454975694417953491e-01
1.749775111675262451e-01
2.560392022132873535e-01
4.001411199569702148e-01
-1.131710223853588104e-02
-2.645925879478454590e-01
2.528488039970397949e-01
3.376303315162658691e-01
-2.019255608320236206e-01
1.917704343795776367e-01
-1.959732323884963989e-01
-8.131352812051773071e-02
-3.340668380260467529e-01
-2.114723622798919678e-01
6.113395839929580688e-02
-1.572086960077285767e-01
3.350324630737304688e-01
3.531575798988342285e-01
1.530582606792449951e-01
-1.843785345554351807e-01
3.008217811584472656e-01
-3.102779388427734375e-02
-2.090305685997009277e-01
1.235710233449935913e-01
-2.135760039091110229e-01
-9.351075440645217896e-02
-3.980712220072746277e-02
-4.202855825424194336e-01
5.280402302742004395e-01
5.314095020294189453e-01
-4.785777628421783447e-01
-4.826246798038482666e-01
8.117936551570892334e-02
-7.911615818738937378e-02
-3.049974888563156128e-02
-2.091969698667526245e-01
1.825134158134460449e-01
3.024038672447204590e-02
-1.970652937889099121e-01
-2.634777128696441650e-01
1.051775515079498291e-01
-8.357644081115722656e-02
-2.108547687530517578e-01
-3.684997186064720154e-02
1.587437838315963745e-02
-2.770040035247802734e-01
-1.668393015861511230e-01
-2.403060793876647949e-01
-1.842253655195236206e-01
1.856760382652282715e-01
2.662472194060683250e-03
1.626387983560562134e-01
-8.445836603641510010e-02
-2.849937379360198975e-01
-7.681050151586532593e-02
1.025640219449996948e-01
-8.447770029306411743e-03
-1.787727139890193939e-02
1.178408414125442505e-01
-1.510468125343322754e-01
9.521322697401046753e-02
5.740015208721160889e-02
-8.979637920856475830e-02
-1.924581080675125122e-01
6.505782902240753174e-02
2.942421846091747284e-02
-7.133789360523223877e-02
-1.749061495065689087e-01
1.050972938537597656e-01
-1.696509718894958496e-01
1.090236287564039230e-02
-1.224527135491371155e-01
-6.932932138442993164e-02
1.526366770267486572e-01
-3.775340504944324493e-03
1.655535399913787842e-01
4.528643190860748291e-02
-1.841752529144287109e-01
5.003520473837852478e-02
5.344299599528312683e-02
9.471192210912704468e-02
1.956372894346714020e-02
2.359447181224822998e-01
1.336421351879835129e-02
-1.907515972852706909e-01
-3.334446251392364502e-01
-9.288295358419418335e-02
-2.448152303695678711e-01
1.901867426931858063e-02
1.019725054502487183e-01
-1.145169511437416077e-01
-1.448307484388351440e-01
1.717239469289779663e-01
-1.546829491853713989e-01
1.003902852535247803e-01
8.385070413351058960e-02
-4.332125782966613770e-01
7.705688476562500000e-02
7.113083451986312866e-02
2.099361568689346313e-01
2.569233477115631104e-01
1.924908459186553955e-01
-7.371693849563598633e-03
-1.682173311710357666e-01
-1.855396181344985962e-01
2.114050835371017456e-01
-1.037210226058959961e-01
6.904070079326629639e-02
-1.356451064348220825e-01
-3.208973109722137451e-01
-1.755092144012451172e-01
-5.514458566904067993e-02
2.495455592870712280e-01
3.945244252681732178e-01
1.529784649610519409e-01
-2.825288474559783936e-01
3.408995568752288818e-01
-2.203802615404129028e-01
7.918112725019454956e-02
1.471273005008697510e-01
-2.050261944532394409e-01
1.437106914818286896e-02
-1.336106210947036743e-01
-1.864494234323501587e-01
5.412644743919372559e-01
4.415881931781768799e-01
-5.281183719635009766e-01
-4.804741144180297852e-01
1.071960106492042542e-01
1.333263367414474487e-01
1.327561885118484497e-01
-1.106299757957458496e-01
1.249395310878753662e-01
-1.373352408409118652e-01
-3.313757851719856262e-02
-3.269244432449340820e-01
-1.828577183187007904e-02
-1.744744181632995605e-01
-2.321282476186752319e-01
-2.418578229844570160e-02
8.035152405500411987e-02
-1.154488623142242432e-01
-1.687785089015960693e-01
-8.803815394639968872e-02
-1.227779239416122437e-01
1.616185605525970459e-01
1.197800319641828537e-02
9.724033623933792114e-02
-4.282175097614526749e-03
-7.324546575546264648e-02
-1.011660173535346985e-01
1.153599694371223450e-01
1.365418732166290283e-01
2.194443792104721069e-01
7.334465533494949341e-02
-1.981677561998367310e-01
-1.317433863878250122e-01
-3.380084335803985596e-01
-1.172107905149459839e-01
-3.969433605670928955e-01
5.182569473981857300e-02
-2.456701919436454773e-02
2.356784604489803314e-02
-3.133476674556732178e-01
6.112513691186904907e-02
-3.133394122123718262e-01
-4.029278829693794250e-02
1.116718053817749023e-01
-1.798255294561386108e-01
3.002932108938694000e-02
5.829459056258201599e-02
-7.353324443101882935e-02
2.216840088367462158e-01
1.680698394775390625e-01
-4.060728847980499268e-02
-1.563780307769775391e-01
2.789599001407623291e-01
6.223817169666290283e-02
-3.263979256153106689e-01
-5.097240805625915527e-01
2.730877101421356201e-01
2.818276584148406982e-01
-1.495824903249740601e-01
-5.326800942420959473e-01
-2.157726138830184937e-01
-2.180410735309123993e-02
-4.380921423435211182e-01
-1.517833620309829712e-01
-1.083199456334114075e-01
4.164996556937694550e-03
6.530209630727767944e-02
-6.313044577836990356e-02
2.046511769294738770e-01
-1.696486175060272217e-01
1.338267773389816284e-01
-7.425674051046371460e-02
-2.297293543815612793e-01
-2.479907423257827759e-01
-1.722954362630844116e-01
-2.355545610189437866e-01
-6.100832298398017883e-02
1.542970836162567139e-01
2.077827006578445435e-01
-3.199971318244934082e-01
2.895219027996063232e-01
4.771624207496643066e-01
-4.418223798274993896e-01
-1.654795408248901367e-01
2.358567416667938232e-01
-2.579826116561889648e-01
-3.717683851718902588e-01
-1.957059651613235474e-01
1.711995899677276611e-01
-1.648229211568832397e-01
-3.395579159259796143e-01
2.762002497911453247e-02
-9.432060271501541138e-02
-2.298362180590629578e-02
-2.554735839366912842e-01
-2.048109024763107300e-01
5.931997299194335938e-02
-1.525226384401321411e-01
-7.289849966764450073e-02
-1.913005709648132324e-01
-3.961198404431343079e-02
2.892934903502464294e-02
-1.414697021245956421e-01
-3.427643328905105591e-02
-1.169909760355949402e-01
-3.165365755558013916e-01
-3.332480415701866150e-02
-3.127779066562652588e-01
2.410362958908081055e-01
8.319886028766632080e-02
-4.095837473869323730e-02
4.120404645800590515e-02
1.070196628570556641e-01
-1.719077229499816895e-01
-1.999224871397018433e-01
1.112460270524024963e-01
-1.938099712133407593e-01
-1.648063361644744873e-01
1.315539181232452393e-01
-2.658239752054214478e-02
2.247064858675003052e-01
1.576596349477767944e-01
3.781874431297183037e-03
-1.098947227001190186e-01
1.363785564899444580e-02
6.143055483698844910e-02
2.764309644699096680e-01
-2.144289165735244751e-01
-5.067418515682220459e-02
1.018057838082313538e-01
-3.385682702064514160e-01
-3.222759962081909180e-01
1.506655383855104446e-02
-1.962705552577972412e-01
-3.161033093929290771e-01
-4.018165469169616699e-01
-7.880461215972900391e-02
-7.303614169359207153e-02
2.071014493703842163e-01
-5.089105665683746338e-02
-1.194998323917388916e-01
9.030682593584060669e-02
1.241694390773773193e-01
2.801424264907836914e-01
2.313549816608428955e-02
-4.388680681586265564e-02
-8.009079098701477051e-02
-7.075568288564682007e-02
7.254175841808319092e-02
-7.927782088518142700e-02
-2.443436533212661743e-02
-8.777643740177154541e-02
-1.086411029100418091e-01
-1.710970699787139893e-01
1.860294491052627563e-01
-1.795820295810699463e-01
6.866870820522308350e-02
-2.365520745515823364e-01
-2.749872580170631409e-02
3.801700845360755920e-02
-2.635550498962402344e-01
-1.146011501550674438e-01
-4.463471174240112305e-01
4.819281771779060364e-02
1.760939806699752808e-01
-1.093968227505683899e-01
-8.470332622528076172e-02
1.219660229980945587e-02
-1.267847418785095215e-01
-4.163397103548049927e-02
1.630710363388061523e-01
2.751015722751617432e-01
-2.136049978435039520e-02
4.491799324750900269e-02
3.484287485480308533e-02
-2.461498230695724487e-01
4.025909304618835449e-01
4.003029763698577881e-01
-3.721303641796112061e-01
-1.247036382555961609e-01
2.670030891895294189e-01
-3.817648589611053467e-01
-1.593061089515686035e-01
-4.392008110880851746e-02
9.980653226375579834e-02
-2.338388264179229736e-01
-4.419399797916412354e-01
-2.456234395503997803e-02
-5.103658884763717651e-03
8.457920514047145844e-03
-7.821441292762756348e-01
-5.463733673095703125e-01
7.390923798084259033e-02
-3.030519783496856689e-01
-2.025402039289474487e-01
-3.411382436752319336e-01
3.422980755567550659e-02
1.832881569862365723e-02
-4.125315696001052856e-02
-2.167607396841049194e-01
1.275096684694290161e-01
5.061538890004158020e-02
-1.024749577045440674e-01
-1.907160878181457520e-01
6.604963541030883789e-02
3.182199597358703613e-02
-1.697567999362945557e-01
-1.055401936173439026e-01
1.638720780611038208e-01
-2.280439883470535278e-01
6.459456682205200195e-02
-1.796908080577850342e-01
-2.908395230770111084e-01
4.204682633280754089e-02
6.555880606174468994e-02
7.831496000289916992e-02
8.362270146608352661e-02
-1.874284297227859497e-01
7.530722767114639282e-02
-2.263635955750942230e-02
-2.973306365311145782e-02
2.786060608923435211e-02
5.045868083834648132e-02
-1.782692223787307739e-02
1.442810893058776855e-01
-1.210992112755775452e-01
-1.058162972331047058e-01
-2.794983685016632080e-01
-7.230825722217559814e-02
-1.686705201864242554e-01
-1.827645152807235718e-01
-2.283505052328109741e-01
-2.872612699866294861e-02
-1.238242313265800476e-01
-1.313375830650329590e-01
-2.183117270469665527e-01
-1.059206128120422363e-01
5.497001484036445618e-02
-8.943604677915573120e-02
1.374831050634384155e-01
4.319332540035247803e-02
-9.529506415128707886e-02
7.419445365667343140e-02
-1.504445821046829224e-02
3.580170273780822754e-01
2.019265294075012207e-02
3.247517719864845276e-02
-4.904070198535919189e-01
-1.264402419328689575e-01
1.748865693807601929e-01
-3.725318312644958496e-01
-2.153375297784805298e-01
-3.303807973861694336e-01
-4.926367849111557007e-02
-3.372920453548431396e-01
-1.942346990108489990e-01
-5.474097728729248047e-01
7.216730713844299316e-02
2.156556844711303711e-01
-5.137414857745170593e-02
5.983687937259674072e-02
-2.003684937953948975e-01
2.222107797861099243e-01
2.791952490806579590e-01
-3.253759443759918213e-01
2.718900330364704132e-03
2.780388481914997101e-02
3.731890022754669189e-01
-9.752060472965240479e-02
6.975797563791275024e-02
2.385195940732955933e-01
-6.475012283772230148e-03
-4.172952771186828613e-01
5.014277249574661255e-02
2.198257595300674438e-01
-6.010633111000061035e-01
4.052613079547882080e-01
1.559492945671081543e-01
1.800600141286849976e-01
-1.881835162639617920e-01
3.208413720130920410e-01
-2.533586621284484863e-01
-2.445204704999923706e-01
1.789341717958450317e-01
8.178695291280746460e-02
2.103998810052871704e-01
-3.308274224400520325e-02
1.552734803408384323e-02
4.387835562229156494e-01
3.218507468700408936e-01
-4.201542139053344727e-01
-3.263254761695861816e-01
-1.612558774650096893e-02
-2.742378786206245422e-02
-5.874837562441825867e-02
1.031721848994493484e-02
1.127094626426696777e-01
-2.945059537887573242e-02
-1.156551856547594070e-02
1.896055042743682861e-01
1.142592057585716248e-01
-1.870453506708145142e-01
-1.735929399728775024e-01
4.063098877668380737e-02
3.643421083688735962e-02
-9.233722835779190063e-02
-2.214474678039550781e-01
-3.133493661880493164e-02
9.626807644963264465e-03
1.273216456174850464e-01
-1.068873926997184753e-01
-1.285373568534851074e-01
9.182536974549293518e-03
-1.425099372863769531e-01
8.226658403873443604e-02
8.721288293600082397e-02
-4.122988134622573853e-02
1.203910857439041138e-01
4.978324472904205322e-02
-5.230865254998207092e-02
1.815658658742904663e-01
-2.736658155918121338e-01
5.137745756655931473e-03
5.990423634648323059e-02
-3.606202080845832825e-02
-1.205656379461288452e-01
5.467141419649124146e-02
2.185053192079067230e-02
1.061922386288642883e-01
-3.362766653299331665e-02
-2.748615741729736328e-01
-1.433762162923812866e-01
-1.039122566580772400e-01
-1.038346067070960999e-02
-6.635549664497375488e-02
-2.242553234100341797e-02
-8.918178826570510864e-02
-1.339338272809982300e-01
4.680544883012771606e-02
1.778959035873413086e-01
-1.107922941446304321e-01
-8.365055546164512634e-03
2.364380657672882080e-01
-1.514823734760284424e-01
-1.254001855850219727e-01
-6.785243749618530273e-02
4.867142066359519958e-02
-1.211807057261466980e-01
1.050712466239929199e-01
-5.117202550172805786e-02
1.598227322101593018e-01
-8.455998450517654419e-02
-4.822073131799697876e-02
-8.280809037387371063e-03
-2.280431687831878662e-01
1.014305204153060913e-01
-1.205235123634338379e-01
1.908430457115173340e-01
9.043237566947937012e-02
2.406067848205566406e-01
2.374446988105773926e-01
1.128511205315589905e-01
-6.857679039239883423e-02
5.769234150648117065e-02
-2.090928405523300171e-01
-1.123735383152961731e-01
3.524515032768249512e-01
5.867229774594306946e-02
-5.153776407241821289e-01
-5.026062950491905212e-03
5.765600129961967468e-02
-3.431074619293212891e-01
2.441783249378204346e-01
2.236602306365966797e-01
1.661884635686874390e-01
-4.804148375988006592e-01
2.757987082004547119e-01
-2.653780877590179443e-01
-3.794735670089721680e-01
1.270763427019119263e-01
-2.538091540336608887e-01
2.407503575086593628e-01
-9.990159422159194946e-02
1.076631620526313782e-01
3.786043524742126465e-01
3.543866574764251709e-01
-4.452256262302398682e-01
-4.342564940452575684e-01
-1.573215238749980927e-02
-3.107090853154659271e-02
5.734744668006896973e-02
-1.489605568349361420e-02
1.631251350045204163e-02
-2.812888622283935547e-01
1.151250824332237244e-01
-9.202800691127777100e-03
5.193640664219856262e-02
-9.073969721794128418e-02
4.655956476926803589e-02
1.171200424432754517e-01
-4.333281889557838440e-02
-1.429845392704010010e-01
-2.204274237155914307e-01
-1.975972205400466919e-01
-2.088734880089759827e-02
1.338960826396942139e-01
-6.813406944274902344e-02
-2.903456985950469971e-02
4.842334892600774765e-03
-1.798370480537414551e-01
1.842657476663589478e-01
8.712628483772277832e-02
4.879394080489873886e-03
1.544996723532676697e-02
1.633238941431045532e-01
7.230028510093688965e-02
3.483078628778457642e-02
-2.459255307912826538e-01
-5.336408689618110657e-02
-7.556841522455215454e-02
1.964951604604721069e-01
3.473925462458282709e-04
6.146038696169853210e-02
-1.159265488386154175e-01
9.640387445688247681e-02
-2.548735737800598145e-01
-1.433294415473937988e-01
-3.287051990628242493e-02
5.988786369562149048e-02
2.266901731491088867e-02
2.025389857590198517e-02
-4.674946889281272888e-02
-4.271193407475948334e-03
1.361215710639953613e-01
-1.465775165706872940e-02
-5.901012197136878967e-02
2.710510492324829102e-01
1.781075298786163330e-01
-9.630578756332397461e-02
-4.361741840839385986e-01
7.097123563289642334e-02
1.444051116704940796e-01
2.407899051904678345e-01
-2.975869774818420410e-01
5.040975287556648254e-02
-4.397990405559539795e-01
-3.546388745307922363e-01
-6.716639548540115356e-02
-7.179922610521316528e-02
-1.014681458473205566e-01
-1.434900760650634766e-01
7.167554646730422974e-02
3.185373842716217041e-01
-9.434298425912857056e-02
-1.758534461259841919e-02
7.327147573232650757e-02
-1.720798462629318237e-01
-3.763050436973571777e-01
-1.165453065186738968e-02
2.821560204029083252e-01
-3.540421277284622192e-02
5.083373398520052433e-04
1.131024863570928574e-02
-3.910883963108062744e-01
1.504184901714324951e-01
5.027581751346588135e-02
-1.007504463195800781e-01
3.240607306361198425e-02
3.552280068397521973e-01
-1.908799707889556885e-01
-4.738411605358123779e-01
-9.282527118921279907e-02
3.127372264862060547e-01
-3.203913569450378418e-02
-3.649811744689941406e-01
2.412051893770694733e-02
-1.758359521627426147e-01
-3.293218836188316345e-02
-1.888414621353149414e-01
-2.483469396829605103e-01
-9.901005774736404419e-02
-2.991620302200317383e-01
-2.349412143230438232e-01
-7.231303304433822632e-02
1.089510619640350342e-01
1.411392688751220703e-01
-5.185643583536148071e-02
1.290851384401321411e-01
-6.217456236481666565e-02
-3.877238184213638306e-02
6.238612905144691467e-02
-2.391041964292526245e-01
1.869839578866958618e-01
1.938885748386383057e-01
2.349158283323049545e-03
-6.865552160888910294e-03
1.859120279550552368e-01
1.608732715249061584e-02
-2.047334760427474976e-01
6.610267609357833862e-02
8.097746968269348145e-02
1.595313660800457001e-02
1.524195373058319092e-01
-1.184314116835594177e-01
1.473590433597564697e-01
-2.298788633197546005e-03
-1.063641980290412903e-01
-5.134560540318489075e-02
-1.660319231450557709e-02
-1.093406975269317627e-01
2.871700525283813477e-01
-2.949997484683990479e-01
-9.280745685100555420e-02
-2.191700935363769531e-01
-2.208415269851684570e-01
-1.045772656798362732e-01
-1.086795181035995483e-01
-3.558065295219421387e-01
2.219477202743291855e-03
-1.301495730876922607e-02
-1.781131625175476074e-01
-8.666832000017166138e-03
-2.516745030879974365e-01
-9.760941565036773682e-02
1.175032332539558411e-01
2.335741743445396423e-02
7.142695039510726929e-02
2.871090080589056015e-03
1.176320388913154602e-01
-1.496279537677764893e-01
5.407532304525375366e-02
7.691197842359542847e-02
2.913337945938110352e-01
7.962171733379364014e-02
7.784911990165710449e-02
-1.235694512724876404e-01
4.592662304639816284e-02
-3.420346379280090332e-01
8.249852061271667480e-02
5.116412043571472168e-02
1.159431226551532745e-02
-7.663049548864364624e-02
6.169738247990608215e-03
1.803223937749862671e-01
-1.849647760391235352e-01
6.803086400032043457e-02
-5.964314565062522888e-02
-2.217054367065429688e-02
2.341030240058898926e-01
-7.003399729728698730e-02
-3.341050818562507629e-03
-1.234266236424446106e-01
-1.444547176361083984e-01
4.540589079260826111e-02
1.184915453195571899e-01
3.250450193881988525e-01
-1.640436053276062012e-01
-9.417612105607986450e-03
-2.342687249183654785e-01
-4.880112409591674805e-01
2.634460031986236572e-01
3.415377438068389893e-01
-4.321655333042144775e-01
1.491469591856002808e-01
3.602459654211997986e-02
-1.473451256752014160e-01
-1.756861060857772827e-01
-1.461989879608154297e-01
2.615043818950653076e-01
-1.590977013111114502e-01
-2.481458634138107300e-01
3.683521449565887451e-01
-4.334398806095123291e-01
-1.671447753906250000e-01
-4.746412634849548340e-01
-4.783468544483184814e-01
-6.976632028818130493e-02
-2.822030186653137207e-01
-2.742990851402282715e-01
-5.289393067359924316e-01
6.465469021350145340e-03
-3.333012387156486511e-02
-1.727564185857772827e-01
3.088058158755302429e-02
1.842312216758728027e-01
-2.460536360740661621e-01
9.866714477539062500e-02
-3.382769227027893066e-02
6.861035525798797607e-02
-1.708410531282424927e-01
-1.464273035526275635e-01
8.347917348146438599e-02
-8.181402087211608887e-02
-8.354230970144271851e-02
-3.148276805877685547e-01
-1.550729274749755859e-01
6.164207309484481812e-02
1.102187708020210266e-01
5.417528748512268066e-02
1.217171773314476013e-01
-7.605998218059539795e-02
-2.444854229688644409e-01
1.688840687274932861e-01
1.855817139148712158e-01
7.408639043569564819e-02
-8.159087039530277252e-03
1.230450421571731567e-01
-2.840155363082885742e-02
-2.554780244827270508e-02
-2.658059895038604736e-01
5.246679484844207764e-02
8.836004137992858887e-02
1.740881204605102539e-01
-1.871256530284881592e-01
-1.414680629968643188e-01
-1.191266905516386032e-02
-4.518311470746994019e-02
-1.343404054641723633e-01
-5.845923721790313721e-02
-2.390756309032440186e-01
7.061582058668136597e-02
7.703846693038940430e-02
-1.028449274599552155e-02
-1.049401983618736267e-01
8.798445016145706177e-02
-8.928193897008895874e-02
1.444820165634155273e-01
1.536422669887542725e-01
1.424845010042190552e-01
1.078043133020401001e-01
2.305789589881896973e-01
-5.639393329620361328e-01
-1.646262556314468384e-01
-2.031100690364837646e-01
-1.649127602577209473e-01
-8.032810874283313751e-03
-2.714209854602813721e-01
-2.688640654087066650e-01
-1.690690964460372925e-01
2.961882390081882477e-02
-6.476160883903503418e-01
-1.934561133384704590e-02
1.279364824295043945e-01
-1.738960742950439453e-01
2.258647680282592773e-01
4.326608777046203613e-02
1.751311123371124268e-01
-4.503709450364112854e-02
-1.443898379802703857e-01
-1.001029089093208313e-01
1.560712754726409912e-01
2.554519176483154297e-01
-1.029402017593383789e-01
2.092561423778533936e-01
1.064018160104751587e-01
-7.988002151250839233e-03
-8.378071784973144531e-01
-2.747192978858947754e-01
1.822154670953750610e-01
2.003067433834075928e-01
4.510071873664855957e-02
3.142158985137939453e-01
-1.203620657324790955e-01
-3.289070725440979004e-01
2.281103432178497314e-01
-3.466241955757141113e-01
2.313448935747146606e-01
3.700272440910339355e-01
-1.490380167961120605e-01
1.535555627197027206e-02
2.923165075480937958e-02
-1.140599101781845093e-01
3.869751095771789551e-02
1.509524285793304443e-01
-2.699749171733856201e-01
-2.693961560726165771e-01
-1.108140125870704651e-01
-6.481049954891204834e-02
-1.688276082277297974e-01
9.986210614442825317e-02
1.230125501751899719e-01
-3.200688064098358154e-01
-4.928891360759735107e-02
2.837706804275512695e-01
-5.284147337079048157e-02
-1.225752606987953186e-01
-2.503958046436309814e-01
9.497405588626861572e-02
-9.359948453493416309e-04
1.485508829355239868e-01
-7.604781538248062134e-02
-1.164823770523071289e-01
-4.762507230043411255e-02
-2.002868056297302246e-01
-2.517524063587188721e-01
-2.590000331401824951e-01
-1.527180373668670654e-01
-2.268552631139755249e-01
4.187852144241333008e-02
5.629433691501617432e-02
2.678237110376358032e-02
3.887449204921722412e-02
-1.307412832975387573e-01
9.009484946727752686e-02
-3.611914068460464478e-02
-3.355467021465301514e-01
-9.562739171087741852e-03
2.590749263763427734e-01
1.188616901636123657e-01
-1.238725110888481140e-01
-2.723393738269805908e-01
1.049844324588775635e-01
-5.859005451202392578e-02
-7.178290747106075287e-03
3.672409802675247192e-03
-2.655108226463198662e-03
2.104076743125915527e-02
-6.848620623350143433e-02
-3.193190693855285645e-01
-2.152264416217803955e-01
2.807668037712574005e-02
-1.347310543060302734e-01
9.143816307187080383e-03
-7.177174091339111328e-03
-2.063352316617965698e-01
-8.865302056074142456e-02
-3.273582085967063904e-02
-6.122915819287300110e-02
-1.229152977466583252e-01
-3.217287063598632812e-01
4.171204939484596252e-02
1.834578961133956909e-01
3.203868493437767029e-02
1.389956772327423096e-01
-4.140141606330871582e-02
1.257610321044921875e-01
-6.438396871089935303e-02
1.185003574937582016e-02
1.529826819896697998e-01
9.014010429382324219e-03
-1.224384978413581848e-01
2.621561884880065918e-01
1.529490351676940918e-01
-1.602301746606826782e-02
-4.999865591526031494e-02
-1.415304373949766159e-03
9.900975972414016724e-02
1.272235363721847534e-01
-2.646059095859527588e-01
1.334513127803802490e-01
2.022393792867660522e-01
-1.221606731414794922e-01
-9.056738018989562988e-01
-1.063846200704574585e-01
3.013937920331954956e-02
4.886253178119659424e-01
-7.998620718717575073e-02
2.094246298074722290e-01
-1.559978909790515900e-02
-4.467651844024658203e-01
1.387364417314529419e-01
-4.122706353664398193e-01
2.914114296436309814e-01
3.429871797561645508e-01
-2.996207773685455322e-01
1.454631984233856201e-01
5.423410236835479736e-02
-6.838730722665786743e-02
2.023276090621948242e-01
3.086494207382202148e-01
-3.182421028614044189e-01
-1.590425521135330200e-01
-4.247083514928817749e-02
2.357202023267745972e-02
-6.363319605588912964e-02
1.003030091524124146e-01
-1.131919398903846741e-01
-3.835344910621643066e-01
5.990798026323318481e-02
1.858707964420318604e-01
1.029996722936630249e-01
-7.301141321659088135e-02
-2.764185070991516113e-01
7.386016845703125000e-02
5.345348641276359558e-02
1.397701352834701538e-01
1.207206305116415024e-02
-9.151004999876022339e-02
6.230886653065681458e-02
-2.256020344793796539e-02
-2.114642858505249023e-01
-1.083620041608810425e-01
1.477575208991765976e-02
-2.308057062327861786e-02
1.493874043226242065e-01
-1.254033148288726807e-01
3.310169791802763939e-03
1.678269356489181519e-02
-2.793863043189048767e-02
1.309056729078292847e-01
-3.059923648834228516e-01
-4.058068394660949707e-01
-2.241900190711021423e-02
7.193122804164886475e-02
1.620869785547256470e-01
-9.853199124336242676e-03
-1.972066424787044525e-02
3.678687615320086479e-03
1.107675209641456604e-01
-1.870502829551696777e-01
8.550193905830383301e-02
8.138649910688400269e-02
-3.111965581774711609e-02
1.973579637706279755e-03
-1.762756556272506714e-01
-2.319627553224563599e-01
4.557579383254051208e-02
1.022697463631629944e-01
1.198041215538978577e-01
7.636246085166931152e-02
7.143499851226806641e-01
1.164749786257743835e-01
5.521477386355400085e-02
1.865910366177558899e-02
1.766346693038940430e-01
5.061573535203933716e-02
5.754448473453521729e-02
-1.006103083491325378e-01
2.499693483114242554e-01
-3.640583753585815430e-01
-2.974607348442077637e-01
3.631018698215484619e-01
1.164344027638435364e-01
2.099980041384696960e-02
-8.206821233034133911e-02
-1.936892271041870117e-01
3.865786194801330566e-01
6.743254512548446655e-02
1.493316888809204102e-01
1.628762483596801758e-01
-4.692168906331062317e-03
-2.943893671035766602e-01
1.111935451626777649e-01
2.521206736564636230e-01
2.222994416952133179e-01
1.761298030614852905e-01
-2.941356301307678223e-01
4.463993757963180542e-02
2.367391884326934814e-01
2.610419392585754395e-01
1.391628533601760864e-01
3.130934238433837891e-01
3.495471775531768799e-01
-2.616943120956420898e-01
-2.402160018682479858e-01
-1.850796043872833252e-01
3.001522719860076904e-01
1.131754666566848755e-01
-2.763257622718811035e-01
-5.929885804653167725e-02
1.370970606803894043e-01
-2.750451266765594482e-01
-2.043162286281585693e-01
-2.042433321475982666e-01
-3.739128261804580688e-02
-2.462855130434036255e-01
-1.970747411251068115e-01
6.389182060956954956e-02
1.456667482852935791e-01
2.443535178899765015e-01
-9.948042780160903931e-02
1.604128256440162659e-02
-2.931205630302429199e-01
-1.856965571641921997e-01
-1.966583728790283203e-02
-8.337001316249370575e-03
2.199507206678390503e-01
1.402793526649475098e-01
-1.438019275665283203e-01
1.474952548742294312e-01
1.556746959686279297e-01
-1.154280677437782288e-01
3.562176823616027832e-01
-4.171720892190933228e-02
1.386584490537643433e-01
-2.791248075664043427e-02
-3.753518685698509216e-02
-1.990213394165039062e-01
1.650414019823074341e-01
1.051360368728637695e-01
-3.391409665346145630e-02
-2.270334810018539429e-01
-1.085778232663869858e-02
-1.931404881179332733e-02
1.500143576413393021e-02
-1.042142882943153381e-01
-2.015415765345096588e-02
-4.472233057022094727e-01
-2.342514693737030029e-02
-1.174011034891009331e-03
9.217415750026702881e-02
-2.172895893454551697e-02
1.201344206929206848e-01
1.280470192432403564e-02
-7.529313117265701294e-02
8.705882728099822998e-02
-2.524410784244537354e-01
-8.098464459180831909e-02
6.051849946379661560e-02
1.005424931645393372e-01
-1.759914099238812923e-03
-1.087045893073081970e-01
4.054166376590728760e-02
-1.395290940999984741e-01
1.595133394002914429e-01
5.074027553200721741e-02
-5.660794675350189209e-03
1.377032101154327393e-01
-2.785008251667022705e-01
9.947066009044647217e-02
-1.523792296648025513e-01
-4.550006687641143799e-01
-8.239067345857620239e-02
3.505398333072662354e-02
-3.439444303512573242e-02
-1.577349938452243805e-02
-3.744769096374511719e-01
2.387853711843490601e-01
-1.551113873720169067e-01
2.644486725330352783e-02
3.167014718055725098e-01
-1.109205186367034912e-01
7.625458389520645142e-02
-3.000496029853820801e-01
-3.258322179317474365e-01
-2.128538936376571655e-01
-1.582520455121994019e-01
-7.462704926729202271e-02
-8.637911640107631683e-03
-2.600414156913757324e-01
2.393287867307662964e-01
2.763207554817199707e-01
-1.543250679969787598e-01
-1.512315571308135986e-01
2.731490433216094971e-01
2.451920658349990845e-01
1.088062003254890442e-01
1.815524250268936157e-01
1.829977929592132568e-01
-4.588605761528015137e-01
-1.295690536499023438e-01
-4.797888398170471191e-01
1.648682355880737305e-01
-4.104506969451904297e-02
-3.636654019355773926e-01
1.482923626899719238e-01
-1.586938202381134033e-01
-4.170773625373840332e-01
-5.313473939895629883e-01
-3.190016448497772217e-01
2.977050654590129852e-02
-1.239860802888870239e-01
-5.081803798675537109e-01
-6.326372921466827393e-02
1.496366858482360840e-01
1.575783342123031616e-01
-1.311918348073959351e-01
4.181730560958385468e-03
3.779565542936325073e-02
-1.605293005704879761e-01
9.889767318964004517e-02
2.954553961753845215e-01
3.147714585065841675e-02
-8.924483507871627808e-02
-2.554772198200225830e-01
1.271000802516937256e-01
-2.347467467188835144e-02
-4.493912309408187866e-02
6.823117285966873169e-02
-1.102379262447357178e-01
1.326701194047927856e-01
-4.406401142477989197e-02
-2.248657494783401489e-01
-2.018330544233322144e-01
-1.019770354032516479e-01
-9.340265393257141113e-02
4.201409593224525452e-02
-5.696534737944602966e-02
-7.046228647232055664e-02
5.842563696205615997e-03
-2.626665532588958740e-01
-1.253580898046493530e-01
3.693928569555282593e-02
-2.941950857639312744e-01
-4.501272737979888916e-02
2.764639556407928467e-01
-8.773217350244522095e-02
-2.338491380214691162e-02
-2.324821650981903076e-01
1.774945762008428574e-03
-3.470904007554054260e-02
1.181753203272819519e-01
3.973047435283660889e-02
-1.245721280574798584e-01
-1.225638315081596375e-01
-2.334335297346115112e-01
-1.352746486663818359e-01
-3.697178661823272705e-01
-2.160305343568325043e-02
4.810982383787631989e-03
-3.183530271053314209e-02
-2.006626427173614502e-01
1.482472270727157593e-01
-2.735821604728698730e-01
4.817771166563034058e-02
-3.954177200794219971e-01
-2.287726700305938721e-01
-1.357635259628295898e-01
-2.255240976810455322e-01
-2.154418975114822388e-01
-1.709139347076416016e-01
-1.564148515462875366e-01
1.619426906108856201e-02
3.033077418804168701e-01
-3.411152362823486328e-01
3.105359077453613281e-01
6.547144055366516113e-02
-1.790516637265682220e-02
3.361410498619079590e-01
1.970922350883483887e-01
3.995071351528167725e-01
1.231196224689483643e-01
-9.140072762966156006e-02
-2.763166651129722595e-02
2.717713713645935059e-01
2.542199492454528809e-01
