# (32,)
2.694471366703510284e-02
-7.529576309025287628e-03
-4.129188507795333862e-02
-8.882679045200347900e-03
-1.002295315265655518e-02
2.917036227881908417e-02
7.196668535470962524e-02
5.963104218244552612e-02
5.656156316399574280e-02
6.281791627407073975e-02
4.757544025778770447e-02
2.072781883180141449e-02
7.994840294122695923e-02
1.350619457662105560e-02
-4.603717476129531860e-03
-2.163318358361721039e-02
8.123489469289779663e-02
5.624355375766754150e-02
-7.262421306222677231e-03
-1.311184652149677277e-02
-1.574870757758617401e-02
1.043316125869750977e-01
1.124745160341262817e-01
3.416028246283531189e-02
2.515081129968166351e-02
5.010503903031349182e-02
-1.381510286591947079e-03
6.524921860545873642e-03
3.217727690935134888e-02
-2.515537850558757782e-02
-1.843019016087055206e-02
5.049501359462738037e-02
