# (32,)
2.713685110211372375e-02
-1.432379707694053650e-02
-4.986856877803802490e-02
8.665017783641815186e-02
1.256378460675477982e-02
-3.011459670960903168e-02
1.053353622555732727e-01
6.954645365476608276e-02
1.697629876434803009e-02
5.384474992752075195e-02
5.625946819782257080e-02
7.916847616434097290e-02
-3.048650547862052917e-02
8.592811971902847290e-02
2.612518332898616791e-02
4.494793340563774109e-02
5.035936832427978516e-02
5.451954156160354614e-02
-3.043069131672382355e-02
3.658361674752086401e-04
9.003743529319763184e-02
4.723738506436347961e-02
7.568033784627914429e-02
6.917671114206314087e-02
9.143302589654922485e-02
1.280699223279953003e-01
7.903037220239639282e-02
1.337579786777496338e-01
9.652043809182941914e-04
-3.571031615138053894e-02
6.965227425098419189e-02
5.904139950871467590e-02
