# (32,)
3.805495798587799072e-02
1.895336434245109558e-02
-9.364462643861770630e-02
-8.190846443176269531e-02
2.894799411296844482e-01
2.146695703268051147e-01
-1.540859490633010864e-01
-1.004010532051324844e-02
1.141078323125839233e-01
1.335072368383407593e-01
-1.211294531822204590e-01
-2.653807997703552246e-01
-1.526103913784027100e-01
-4.724732041358947754e-01
-1.062675099819898605e-02
-2.784951031208038330e-01
1.428346931934356689e-01
3.624804913997650146e-01
-2.458643317222595215e-01
-2.963463068008422852e-01
-2.604984343051910400e-01
-2.837695479393005371e-01
1.463257223367691040e-01
7.797312736511230469e-01
-2.357419133186340332e-01
-1.241457834839820862e-01
-4.169293344020843506e-01
-6.932101249694824219e-01
-4.735636711120605469e-01
-4.862965345382690430e-01
-4.700180888175964355e-01
-5.089372396469116211e-01
