# (32,)
-7.018527388572692871e-02
6.141686439514160156e-02
-2.406720817089080811e-01
1.531226336956024170e-01
4.607841372489929199e-02
-4.329854249954223633e-02
4.765459299087524414e-01
2.157582342624664307e-01
-5.386263132095336914e-03
-5.572608113288879395e-02
4.878294467926025391e-02
-3.280165791511535645e-02
2.812165021896362305e-02
2.561324834823608398e-02
-3.043291568756103516e-01
-1.216123402118682861e-01
-9.990465641021728516e-02
-4.847751259803771973e-01
-1.143852323293685913e-01
-6.063809990882873535e-02
-1.223661750555038452e-01
8.006229996681213379e-02
5.687525868415832520e-02
9.616956114768981934e-02
-1.833106428384780884e-01
-1.121418476104736328e-01
1.790931224822998047e-01
-1.567447781562805176e-01
-1.068573296070098877e-01
2.124592661857604980e-02
-3.184598684310913086e-01
2.233380079269409180e-02
