# (32,)
-1.843480020761489868e-01
-1.704169511795043945e-01
-1.722412556409835815e-01
-8.348579704761505127e-02
-1.900092065334320068e-01
-1.935525834560394287e-01
-1.105810981243848801e-02
-9.305530786514282227e-02
-3.324490785598754883e-02
-8.426444977521896362e-02
2.310557104647159576e-02
-5.228116363286972046e-02
2.405513776466250420e-03
-1.458164155483245850e-01
1.479136408306658268e-04
-9.217697381973266602e-02
-3.132165642455220222e-03
1.883296668529510498e-02
-5.964184179902076721e-02
-9.588687680661678314e-03
1.174477115273475647e-02
4.863636195659637451e-02
-2.005931586027145386e-01
-1.178751215338706970e-01
1.157779246568679810e-01
-1.040279120206832886e-01
-5.936124175786972046e-02
1.006124913692474365e-02
-4.522329196333885193e-02
-9.233090281486511230e-02
-1.869180984795093536e-02
-1.830043829977512360e-02
