# (32,)
1.692517846822738647e-02
-2.376415021717548370e-02
-1.534746866673231125e-02
2.577178529463708401e-04
1.406153291463851929e-02
-7.406584918498992920e-03
1.790794357657432556e-02
-2.561403810977935791e-02
1.684821397066116333e-02
-1.342865172773599625e-02
1.389344315975904465e-02
1.246505184099078178e-03
2.020835131406784058e-02
-9.938904084265232086e-03
2.479013055562973022e-03
-7.731764111667871475e-03
1.789796166121959686e-02
-2.791452594101428986e-02
2.164813689887523651e-03
-2.948113717138767242e-03
1.406347379088401794e-02
-1.302387681789696217e-03
-1.025357563048601151e-02
-1.930266804993152618e-02
1.826923526823520660e-02
-4.400325939059257507e-03
-1.805950701236724854e-02
7.811395335011184216e-07
2.388512156903743744e-02
2.430246770381927490e-02
2.134620770812034607e-02
-2.329953946173191071e-02
