# (32,)
1.384318619966506958e-02
-4.056090861558914185e-02
2.395376935601234436e-02
-1.060805283486843109e-02
5.966415046714246273e-04
-6.100677326321601868e-02
-2.232717350125312805e-02
-1.483634021133184433e-02
-5.389936268329620361e-02
1.047745812684297562e-02
1.970513537526130676e-02
5.193631164729595184e-03
-2.439773455262184143e-02
-3.024367615580558777e-02
2.651075832545757294e-03
-3.318896517157554626e-02
-2.983557619154453278e-02
-1.344651170074939728e-02
4.745693504810333252e-02
-1.166614610701799393e-02
-4.209670703858137131e-03
1.209236029535531998e-02
-2.020729891955852509e-02
1.836219429969787598e-02
2.087514381855726242e-03
2.396243810653686523e-02
-4.072133824229240417e-02
-2.914820797741413116e-02
4.868259653449058533e-02
2.455040346831083298e-03
-2.674012072384357452e-02
2.962458692491054535e-02
