# (32, 10)
-7
-7
4
4
-8
3
-6
-8
4
4
-8
3
5
5
-8
-8
-8
4
-7
-8
0
0
0
0
0
0
0
0
0
0
3
-7
2
3
-8
3
-8
3
-8
3
5
3
-6
-7
-7
-5
4
-8
6
-8
-7
-4
-8
-8
5
6
-8
4
-8
4
-8
7
-4
-7
-5
6
-3
-6
3
-3
0
0
0
-1
0
1
0
0
0
-1
-8
2
-8
4
5
2
3
-8
2
-7
7
7
-7
-7
-5
-4
-5
-4
-4
-3
-5
-2
7
-5
-7
6
5
-8
-5
-8
2
-8
2
4
3
-8
2
-8
2
2
-8
3
4
-2
-7
-8
-8
4
5
4
5
3
5
-7
-4
-7
5
-8
-8
-7
-6
4
5
-6
6
-8
-7
0
6
-8
-4
-8
-6
-4
-4
-6
6
-7
7
7
2
-8
-8
4
-8
2
3
2
-8
2
3
2
-7
4
-8
3
-8
-5
3
3
-7
5
5
7
-6
-7
-6
-5
-6
-8
0
0
0
0
0
0
0
0
0
0
-6
-6
5
-5
5
-8
-7
4
-7
4
0
0
0
0
0
0
0
0
0
0
2
-8
-8
-8
3
3
3
-8
1
3
-7
5
0
-7
5
-6
4
-8
-8
5
0
0
0
0
0
0
0
0
0
0
-8
-8
-8
3
3
2
-8
2
3
1
-6
4
-2
-7
6
-8
5
6
-8
-8
3
-8
3
-8
3
3
3
-8
2
-8
-7
3
-7
-8
-7
4
4
3
2
2
4
3
-8
-8
4
-8
-8
4
-7
4
-7
0
-4
4
-8
3
4
4
-2
-8
5
-8
6
-4
-8
-7
-7
6
6
-8
