58
92
125
131
122
21
113
63
81
66
122
100
11
50
27
55
38
103
88
96
56
5
74
29
15
17
57
0
111
104
80
74
255
60
254
87
244
188
100
173
190
194
103
192
152
86
144
80
168
57
184
189
213
82
186
81
107
174
247
98
183
107
138
75
141
133
94
127
84
228
135
168
146
99
173
32
211
53
202
198
160
185
114
24
44
78
146
80
255
125
240
193
128
93
123
182
101
250
130
121
212
0
200
35
165
107
172
78
90
218
145
112
101
252
123
144
89
55
73
54
64
73
84
162
165
238
152
182
241
118
235
75
202
242
255
255
190
109
84
42
15
203
209
192
189
196
177
185
109
120
184
139
117
249
160
162
145
42
133
153
138
120
67
119
107
145
108
4
14
117
116
84
127
143
86
148
88
67
176
87
164
218
147
207
223
117
208
204
178
250
191
144
133
184
97
98
119
122
255
170
103
227
148
168
226
101
87
131
123
178
125
117
175
0
152
159
42
158
31
80
48
97
115
57
77
115
193
124
223
160
158
130
160
84
115
222
106
255
118
105
236
150
128
213
73
125
140
204
60
157
93
1
130
148
142
93
199
85
228
116
171
175
172
178
62
166
118
50
165
245
63
234
117
142
104
78
133
151
134
68
71
211
115
89
255
108
255
27
170
86
117
184
169
182
239
51
136
254
46
146
66
66
105
78
101
44
107
38
59
217
204
111
199
8
156
76
218
168
182
160
50
77
139
123
142
242
182
146
224
34
158
62
196
94
145
71
5
70
160
144
255
112
158
92
157
8
148
199
203
155
250
246
145
233
51
64
96
115
113
60
160
85
109
56
123
150
255
84
200
31
142
94
120
67
113
170
42
124
116
154
184
117
124
91
192
30
204
102
189
84
117
7
45
151
153
167
177
171
168
155
105
123
162
156
180
192
208
222
110
224
160
164
202
151
194
125
203
169
198
85
129
176
255
120
255
108
144
124
136
111
132
255
164
240
159
180
68
161
144
39
181
97
156
150
106
147
155
2
20
101
124
237
130
170
169
100
212
144
173
135
103
255
87
191
181
157
247
151
187
216
181
226
144
183
165
12
111
163
153
197
110
198
197
179
72
185
79
203
69
187
108
243
185
107
221
104
208
245
182
228
100
140
183
0
15
193
102
251
87
146
117
241
141
207
49
210
163
215
140
92
212
146
86
142
67
149
137
95
101
41
195
31
45
163
132
191
183
255
112
194
91
151
59
83
100
212
103
179
159
83
133
173
197
127
106
219
129
107
124
17
99
116
195
152
44
130
90
219
38
104
130
97
68
212
123
167
151
226
74
45
110
33
118
93
239
89
173
82
141
119
146
145
168
177
255
129
71
89
203
176
167
189
145
63
112
105
154
104
106
211
142
163
236
118
72
42
53
164
119
174
81
92
127
186
148
191
119
66
191
107
234
182
255
43
135
47
81
136
255
164
201
145
215
95
53
114
89
130
194
92
247
85
198
179
206
110
107
164
236
137
255
97
77
129
151
198
179
133
211
127
50
10
96
194
155
168
238
205
255
233
223
87
255
236
141
195
145
66
244
135
148
161
219
116
212
62
235
126
186
102
55
52
147
69
248
121
247
174
218
114
129
120
173
214
255
232
120
162
154
159
193
161
255
51
140
98
122
62
47
151
184
133
231
147
153
241
186
199
184
166
185
143
246
180
115
174
157
94
114
52
226
103
233
147
179
85
11
3
151
0
130
99
18
125
28
57
75
52
91
82
56
69
117
66
53
101
139
13
58
0
94
65
39
0
0
59
48
67
63
84
73
123
74
100
74
88
94
84
139
87
98
139
85
109
65
74
8
101
125
154
108
29
48
228
133
196
152
172
71
159
133
17
118
85
218
26
210
124
107
171
111
183
129
249
115
255
139
186
164
110
83
151
87
0
152
205
94
212
133
205
186
165
188
113
178
212
203
177
159
234
82
178
192
238
236
137
55
47
87
255
255
180
167
177
130
115
160
95
180
76
134
183
203
124
196
140
115
154
97
255
164
162
153
222
255
55
41
74
43
100
82
135
97
157
113
175
181
213
96
171
123
151
174
246
224
199
155
184
214
202
167
201
201
35
120
203
223
163
119
154
184
205
118
206
0
185
122
201
172
171
103
53
92
162
116
143
99
102
150
130
104
5
62
142
126
90
93
103
75
148
83
181
101
209
190
190
61
196
180
249
186
255
166
100
221
210
176
157
203
0
77
109
187
125
205
128
208
173
142
209
48
132
116
162
100
84
57
58
78
174
154
120
79
213
40
164
194
35
36
156
172
108
192
163
255
82
118
131
203
169
158
134
101
217
138
215
170
134
93
88
81
178
118
126
156
9
58
164
166
80
177
145
234
149
148
178
156
202
143
93
104
111
139
205
189
199
136
213
108
255
126
133
137
50
53
102
169
221
219
84
178
129
255
126
161
159
55
176
63
173
96
255
76
147
131
110
159
101
125
87
228
70
78
129
98
186
202
198
234
130
233
188
201
77
180
86
220
119
127
174
178
133
198
159
151
85
116
201
141
28
49
247
154
65
124
189
247
213
225
200
174
222
146
136
181
198
106
209
73
105
146
36
149
49
110
161
176
113
4
169
96
255
110
197
99
165
162
45
104
77
139
96
169
179
150
208
99
172
196
148
122
220
162
199
70
125
114
78
134
208
131
255
202
230
189
173
237
232
203
242
111
223
70
111
139
139
147
91
87
142
237
226
109
127
97
196
22
213
102
192
105
83
212
108
152
162
113
164
172
223
119
127
181
153
128
199
164
188
186
182
32
68
68
239
97
214
146
214
158
104
210
125
237
153
182
234
139
137
162
142
236
175
121
187
177
185
161
139
176
0
0
131
178
218
172
143
138
163
171
85
164
81
176
175
61
201
227
164
164
147
185
123
152
117
168
126
253
118
40
191
17
255
102
182
174
163
220
127
149
182
166
199
158
150
147
166
124
173
120
255
161
134
220
22
83
0
135
143
159
241
149
91
211
116
139
219
139
255
25
141
134
104
229
122
193
136
119
130
124
113
255
228
242
78
55
188
70
225
227
91
188
225
135
167
105
250
75
181
161
107
211
122
143
255
138
249
196
83
163
63
147
43
130
202
199
11
205
107
185
160
253
194
124
255
119
187
220
93
222
107
177
137
141
148
234
167
197
139
123
33
15
220
182
127
237
156
201
39
198
118
52
197
106
141
189
121
136
198
197
213
189
69
85
54
107
132
19
22
66
176
85
98
201
38
194
58
185
177
87
208
150
74
186
158
131
175
131
94
202
168
255
174
199
151
173
42
36
233
212
191
133
88
108
78
129
228
119
164
234
58
207
105
165
242
188
158
132
71
66
108
52
90
110
63
17
159
49
120
3
116
97
98
137
186
80
95
73
80
157
131
149
109
73
219
183
143
198
162
202
127
204
0
106
172
145
226
77
185
85
131
142
125
199
127
137
254
69
160
111
172
92
176
146
99
112
121
70
213
194
44
18
9
4
32
0
41
38
113
46
72
32
45
0
87
71
4
64
75
79
52
56
3
88
87
62
0
67
0
18
102
92
53
99
38
29
28
61
6
105
126
33
65
29
79
60
21
50
127
106
62
116
150
123
97
9
30
45
206
230
147
116
137
191
182
255
76
181
201
150
229
168
42
240
77
166
134
108
79
56
46
157
183
217
83
74
197
233
156
100
218
74
53
145
88
49
81
70
180
115
101
136
144
227
109
255
190
255
206
160
117
116
0
102
180
146
134
158
255
154
115
207
193
203
255
191
93
255
71
255
54
184
112
187
93
197
50
253
181
249
43
148
251
161
255
51
233
14
122
103
90
79
229
187
105
210
119
255
190
195
118
172
116
193
146
109
142
155
67
144
181
251
242
172
203
111
172
191
195
152
117
239
131
255
64
173
77
164
151
190
107
185
178
159
130
129
42
41
144
43
231
69
246
162
85
119
236
222
61
255
133
255
125
241
123
137
95
123
144
102
147
93
163
157
28
125
255
171
218
149
98
168
153
209
112
237
65
255
77
255
105
184
78
245
175
167
172
170
172
170
238
152
33
28
179
104
166
217
142
178
214
150
56
180
118
255
110
214
53
92
90
220
191
136
176
191
169
82
172
97
70
74
215
226
121
132
75
134
174
175
173
255
35
207
59
119
106
123
158
100
184
141
151
132
163
133
148
184
33
119
110
172
136
255
178
234
123
93
33
150
93
141
67
51
40
150
169
221
227
255
182
161
232
89
79
157
14
121
158
230
125
118
110
130
209
189
61
125
60
116
113
39
139
104
108
116
32
91
70
75
176
216
223
172
129
84
186
244
172
255
228
189
69
177
180
176
132
27
97
66
157
124
184
223
225
209
243
104
137
141
80
29
1
121
194
147
126
85
195
205
122
143
90
114
158
125
166
42
232
134
95
139
165
56
228
147
243
214
194
216
81
82
106
218
255
141
135
209
237
215
221
151
105
102
177
190
167
202
116
130
154
110
168
217
126
76
41
141
0
60
203
47
255
175
211
188
165
160
47
201
109
96
120
175
23
225
141
124
165
210
177
241
205
255
192
244
80
78
255
113
131
176
191
191
251
213
223
117
130
171
189
200
130
176
70
169
61
191
192
51
100
161
2
128
32
5
216
188
87
222
153
175
158
212
165
100
118
93
151
86
233
133
100
168
74
162
201
199
135
207
212
177
53
109
175
208
179
252
197
137
183
182
110
123
195
78
230
143
179
189
70
171
112
135
132
170
63
142
157
182
55
96
104
148
125
151
193
218
255
150
115
74
120
91
195
89
168
117
156
168
84
175
123
59
130
129
101
44
24
23
109
159
75
104
106
78
237
87
195
211
106
166
64
180
91
179
53
221
43
141
77
127
153
132
148
117
129
66
166
212
143
234
172
58
182
123
71
181
139
135
182
202
101
240
139
231
198
99
81
99
120
105
130
39
79
39
123
98
153
111
255
168
192
168
127
139
40
92
56
224
0
155
92
75
171
107
139
204
74
117
203
156
66
59
255
201
155
73
49
108
16
126
123
183
158
137
30
218
125
255
217
169
176
182
174
255
120
195
176
173
28
35
230
113
154
163
221
109
212
108
59
102
127
195
136
167
145
145
176
64
162
75
158
121
127
243
123
191
81
89
206
123
202
125
152
132
145
187
118
47
145
141
142
210
203
164
126
181
229
228
181
251
95
177
44
109
14
51
122
143
228
116
249
112
173
178
133
137
242
217
219
200
189
57
135
41
68
88
127
181
170
150
174
194
71
29
104
42
67
118
103
44
82
0
93
0
130
71
45
120
0
66
113
35
48
154
27
31
19
36
9
82
0
