0
0
38
63
0
0
5
44
0
0
27
9
0
0
31
0
0
0
3
37
0
8
9
0
0
79
0
0
0
0
0
55
0
0
39
0
53
0
0
0
34
1
0
68
0
1
14
6
0
28
0
0
21
64
16
77
0
0
0
106
8
0
18
10
0
0
63
0
0
0
0
71
0
0
0
49
6
0
12
0
41
52
2
81
0
0
0
0
24
11
19
0
113
106
0
0
28
0
0
155
0
0
16
0
0
0
0
0
40
0
0
181
0
0
0
49
0
0
0
0
28
25
0
0
0
0
11
135
0
30
52
0
0
0
21
27
34
7
0
122
0
54
0
0
83
39
0
44
73
16
0
0
0
0
0
122
0
16
45
0
0
0
0
43
0
0
0
110
0
36
0
10
95
0
0
77
0
22
0
0
0
0
0
86
0
36
88
0
0
13
5
57
105
9
0
113
0
0
2
0
47
0
0
108
21
16
74
0
0
0
0
137
0
0
15
0
42
29
0
0
0
0
0
100
0
0
0
65
0
0
4
52
27
0
44
0
0
22
0
95
16
0
72
47
0
10
3
0
16
0
0
118
0
0
8
115
0
0
0
0
35
0
54
0
0
48
0
7
77
0
10
112
0
25
14
6
0
0
13
116
0
8
0
37
0
21
57
0
0
0
24
0
0
175
0
0
33
0
27
156
0
0
14
69
0
0
76
78
0
60
0
22
0
23
70
0
0
14
115
0
0
182
0
0
0
0
33
140
0
0
46
0
0
0
32
107
0
73
0
0
46
108
77
0
0
49
11
0
0
157
85
0
0
40
28
119
0
0
2
60
0
0
47
124
0
0
0
11
63
23
92
0
0
63
49
0
0
97
0
0
25
11
0
67
0
0
0
14
57
0
0
76
0
0
0
0
4
100
55
0
7
58
0
0
0
0
10
11
46
39
0
53
0
0
0
58
68
0
0
123
0
20
0
0
12
54
68
0
0
4
0
0
0
0
0
28
5
13
0
47
42
0
0
2
95
45
0
70
0
5
0
0
0
135
0
0
0
0
43
0
0
0
33
47
0
0
19
62
41
0
0
28
56
38
0
109
0
21
0
0
0
100
5
0
24
0
0
0
0
0
0
102
0
0
11
0
38
0
0
7
10
132
0
28
0
0
0
0
0
21
0
0
6
96
29
0
0
21
0
50
0
0
29
0
0
0
32
31
0
37
5
43
0
56
0
0
0
33
0
0
82
143
0
0
58
0
0
126
45
0
0
4
0
0
84
54
0
38
96
63
0
0
31
0
18
0
0
0
78
185
0
0
39
0
0
4
75
68
15
55
0
0
0
17
0
0
74
103
0
40
47
0
0
86
0
0
135
46
0
0
58
0
0
5
17
1
58
26
0
0
0
39
0
0
79
106
0
0
46
80
0
0
0
0
49
70
0
0
0
34
0
0
0
30
162
0
0
0
0
54
46
0
47
152
0
25
14
0
0
13
0
0
29
31
2
0
0
4
0
30
22
19
99
0
0
0
0
37
84
0
12
103
0
0
0
35
0
0
0
0
0
107
88
0
31
12
0
0
102
21
27
21
0
0
0
80
44
0
59
151
0
3
0
0
0
0
32
0
0
57
74
0
0
0
0
0
69
63
0
0
0
79
0
0
44
0
19
116
0
52
0
0
34
0
40
21
0
32
0
0
5
4
0
0
26
0
0
91
0
0
16
57
0
0
14
163
0
19
0
0
51
0
15
0
0
64
0
0
0
0
18
51
0
0
44
20
0
0
48
2
0
0
1
104
0
0
0
57
0
0
19
62
0
21
7
0
0
36
0
0
36
41
25
0
0
0
0
0
9
63
56
48
0
0
0
159
46
0
0
132
0
0
0
0
0
33
0
0
19
37
42
0
0
0
0
0
0
71
58
121
0
0
0
47
0
0
5
53
0
59
0
0
52
25
0
0
0
0
31
27
57
0
0
0
38
70
15
116
0
0
5
75
57
0
0
20
55
14
0
0
40
18
0
0
0
0
9
0
10
2
0
0
0
19
16
148
0
54
16
0
1
1
0
0
0
3
0
0
31
0
0
22
0
0
25
9
0
25
0
0
20
66
0
102
0
28
39
22
68
1
0
0
86
17
0
0
0
0
67
41
0
0
42
0
0
123
39
0
0
41
11
93
0
78
0
0
52
0
0
0
85
0
0
28
18
0
35
0
0
5
53
14
0
89
19
0
10
160
0
34
0
2
0
45
60
0
0
0
166
46
0
0
0
32
79
5
0
0
0
0
27
53
12
0
0
141
0
52
0
7
0
22
35
0
0
0
125
0
0
0
51
63
33
0
0
0
0
62
57
0
0
0
0
130
0
50
0
0
0
0
0
0
0
0
49
0
0
18
1
11
25
0
0
0
0
47
104
0
0
0
0
62
0
104
0
0
0
19
0
0
0
36
8
0
41
13
37
10
0
0
0
0
0
119
0
0
0
0
0
0
0
107
0
0
0
6
0
18
0
0
0
0
68
48
0
26
2
0
2
0
0
53
0
0
68
13
0
0
0
139
0
0
0
11
0
0
0
0
0
15
75
30
0
43
25
0
0
15
0
16
0
49
142
0
0
0
82
200
0
0
23
0
0
8
0
23
0
4
67
0
0
12
59
0
41
57
0
0
0
70
112
0
0
0
134
197
0
0
110
0
0
0
26
113
0
0
54
0
0
0
6
20
0
81
4
0
0
0
11
10
0
0
138
219
0
0
0
0
0
16
0
59
0
0
57
0
0
0
3
35
0
72
6
0
0
0
0
0
15
0
0
168
0
0
5
7
0
21
70
2
0
0
66
0
0
0
77
60
0
0
60
47
12
0
0
59
0
6
36
93
0
0
0
0
0
102
31
0
0
31
43
0
0
0
48
0
0
0
65
57
0
0
0
31
43
0
0
109
0
0
12
7
0
138
37
0
0
36
58
0
0
65
58
0
0
0
66
49
0
0
0
130
0
0
55
67
0
0
19
17
0
63
27
0
6
0
75
0
0
113
0
0
0
0
54
0
52
24
0
0
35
0
0
138
0
0
0
99
0
0
24
0
0
0
110
0
0
54
0
72
0
0
22
0
10
51
0
30
12
0
66
89
0
0
0
70
0
0
27
0
0
0
144
53
0
49
0
0
15
0
0
0
51
40
0
0
26
0
45
118
0
40
0
71
0
0
0
25
0
0
77
52
0
1
14
0
60
0
0
73
51
13
13
0
0
0
58
96
0
107
0
0
0
46
21
0
50
0
29
86
0
19
22
0
71
0
0
22
0
18
59
0
25
94
34
42
0
49
0
0
30
85
0
0
0
0
5
91
0
0
0
0
59
0
0
53
7
26
10
0
0
69
0
72
0
67
10
0
31
55
0
0
0
0
33
84
4
0
0
0
64
0
0
0
0
70
15
0
2
83
0
52
0
3
87
1
27
72
0
0
0
42
24
0
136
0
0
39
10
0
0
0
24
102
11
0
0
45
1
119
0
22
10
0
0
19
0
0
0
33
0
0
26
0
0
38
54
0
0
0
23
55
12
0
0
44
30
28
0
53
0
0
54
0
0
0
0
0
72
25
9
0
0
79
0
0
0
0
0
0
24
31
9
0
0
82
0
70
0
14
67
0
0
85
0
0
117
28
0
0
0
88
0
0
48
2
0
0
0
1
0
0
0
160
0
41
38
35
98
0
0
136
0
0
12
14
0
12
0
60
0
0
0
67
45
0
0
19
79
37
0
68
0
0
78
17
19
0
12
154
0
0
57
20
0
54
19
40
1
0
12
15
0
21
0
0
23
17
29
96
0
0
79
0
0
55
0
105
0
0
0
28
0
0
0
7
47
0
0
0
0
16
0
0
19
68
0
92
0
0
42
0
45
16
0
78
0
0
0
102
0
0
0
48
64
0
0
0
26
68
0
0
6
25
0
120
0
0
8
12
0
81
0
0
0
2
0
25
0
0
0
0
92
95
0
0
36
32
0
0
4
0
0
124
0
0
0
65
0
0
0
0
0
69
0
0
0
0
33
12
62
7
0
0
67
52
0
0
67
24
0
111
0
0
0
0
0
40
85
0
0
119
0
0
0
58
67
0
0
0
0
0
0
16
26
0
0
63
0
104
0
20
7
63
19
0
0
0
7
115
0
0
33
0
91
22
0
0
0
0
0
34
10
0
0
81
63
96
0
40
0
0
10
0
35
0
30
45
0
0
45
77
90
0
0
0
7
44
0
0
116
17
0
12
16
86
0
0
10
29
40
0
0
35
39
44
2
0
63
20
34
0
0
19
0
0
5
0
38
0
0
0
113
159
0
32
0
0
43
63
0
3
61
27
54
0
0
0
33
0
0
0
0
0
57
0
0
34
0
0
1
90
0
27
27
0
0
42
0
0
46
13
0
0
53
0
0
20
0
0
43
0
0
0
0
22
12
25
0
134
0
5
67
0
0
48
13
0
0
73
92
52
0
0
0
94
0
0
32
0
0
0
0
73
33
3
0
41
0
0
0
19
0
0
0
23
0
0
50
13
0
0
0
54
27
0
44
8
0
0
7
110
34
0
8
132
0
0
0
76
0
0
48
41
0
31
138
23
0
0
16
50
0
52
29
0
0
0
0
136
2
0
0
87
0
67
0
0
0
0
25
15
0
27
131
0
0
0
0
2
0
96
0
0
27
0
0
69
15
0
45
151
0
102
23
0
0
0
6
0
0
107
119
0
0
0
0
32
19
82
0
0
53
0
0
6
0
0
32
117
0
93
0
0
0
0
14
0
8
142
7
0
7
0
0
0
52
95
0
0
32
0
41
0
0
8
70
99
0
67
0
0
24
0
11
0
0
101
0
7
35
0
0
0
66
14
0
0
18
11
61
0
0
0
31
154
0
71
0
1
77
0
0
4
0
52
0
0
82
64
0
0
0
0
89
11
23
64
0
0
97
0
0
136
0
0
0
0
33
0
0
48
0
3
21
0
0
44
0
0
0
0
107
48
0
27
0
32
66
0
0
181
0
0
0
50
48
35
0
0
0
0
55
15
0
33
67
0
0
0
70
6
0
10
0
41
65
0
0
130
0
22
4
9
0
0
76
99
0
0
81
0
0
21
107
0
0
3
13
0
0
0
0
88
0
0
60
129
0
46
40
18
0
0
42
69
0
0
79
0
0
0
44
0
44
11
0
18
0
0
19
53
8
0
12
83
0
0
17
0
0
0
7
128
0
0
47
0
0
50
55
46
64
0
0
60
0
0
23
73
0
0
0
127
0
0
0
14
0
0
20
42
16
0
0
0
0
22
17
58
73
0
0
83
0
0
83
45
0
0
0
38
