102
160
186
132
135
127
168
94
155
151
156
162
126
141
105
122
93
133
105
84
91
56
77
86
113
102
103
24
0
0
23
0
45
0
0
36
0
0
0
0
0
0
0
0
60
29
94
17
32
0
17
0
0
0
0
20
0
0
0
0
0
0
0
0
0
0
0
0
64
90
63
26
57
0
32
0
64
95
121
128
125
71
52
67
0
21
0
106
0
67
0
0
0
0
20
61
22
72
12
0
0
0
0
1
0
25
0
42
21
54
63
0
0
3
0
0
18
0
0
0
0
0
26
6
30
0
0
30
30
55
0
53
0
44
0
0
0
0
0
25
87
86
55
0
0
0
0
0
0
0
7
0
0
0
78
26
94
52
73
21
12
30
21
0
0
0
0
0
0
0
21
14
58
141
63
86
65
27
0
15
0
12
0
0
0
0
39
0
1
0
0
0
0
18
29
0
0
0
0
0
23
0
61
16
0
19
0
0
0
0
0
0
0
32
0
41
0
0
7
4
20
122
45
92
50
70
55
7
0
0
60
0
49
12
22
23
28
0
0
0
0
0
0
0
0
0
0
0
0
0
0
0
0
27
0
0
0
0
0
0
5
38
77
105
45
11
22
14
103
83
79
0
74
0
85
4
42
0
0
0
0
0
0
0
0
8
0
0
0
0
10
0
25
0
0
22
9
70
23
0
44
0
0
0
0
47
37
32
52
15
58
0
60
0
0
0
0
0
0
0
16
0
0
0
0
0
0
0
0
0
0
9
0
0
1
6
0
0
52
27
0
0
0
44
0
35
0
0
0
0
0
37
11
0
0
0
63
13
54
0
45
1
23
7
0
0
0
14
5
65
8
15
0
0
0
39
56
59
139
76
0
0
0
0
0
65
14
44
0
0
0
0
49
30
26
0
0
0
40
0
41
0
42
0
0
0
0
0
0
0
85
49
77
26
50
94
26
54
0
0
14
10
0
40
0
87
30
62
81
40
94
41
60
23
0
38
0
67
73
5
0
15
0
41
40
94
61
45
0
0
30
7
0
0
0
14
0
70
0
103
6
0
0
0
0
0
0
0
0
0
0
0
0
0
0
0
0
0
0
0
0
0
0
0
0
0
0
0
0
0
33
0
77
0
47
100
59
118
17
0
0
0
0
0
42
20
8
0
0
7
3
55
0
0
0
0
0
0
0
92
0
0
0
0
37
0
0
0
0
4
0
0
51
0
116
5
64
0
20
13
62
0
67
27
68
26
0
0
0
0
0
0
0
0
0
0
19
0
51
15
14
18
3
0
0
0
0
0
0
0
0
0
0
0
39
0
71
0
26
0
0
2
0
120
74
67
12
3
0
0
0
0
0
0
0
0
0
4
22
54
8
0
39
0
118
78
65
0
10
16
65
23
20
4
0
29
0
0
0
0
66
44
86
0
98
32
125
119
32
67
0
0
0
0
22
51
87
116
55
0
0
0
0
0
0
0
62
4
0
0
0
108
113
25
0
0
0
71
51
113
0
0
0
0
7
0
11
0
0
0
5
0
21
6
5
11
98
82
62
0
0
0
8
17
0
0
4
7
0
75
0
59
0
0
0
0
0
0
0
0
0
0
11
63
74
83
0
10
0
15
28
90
28
0
0
0
26
49
117
61
63
0
0
0
0
11
101
59
0
0
0
0
0
0
0
0
0
0
0
0
22
95
61
20
0
0
0
0
0
69
21
15
0
30
0
0
0
0
0
0
0
0
0
0
0
0
0
0
0
0
0
0
0
0
0
0
0
0
0
0
0
0
0
0
56
135
118
115
106
143
111
167
95
111
98
112
137
119
172
156
185
183
114
135
88
124
134
186
171
155
84
41
0
0
41
0
41
0
56
28
1
55
15
73
12
24
0
0
0
0
58
46
0
0
0
9
155
111
138
38
20
17
0
8
0
0
0
0
53
0
69
0
0
0
0
0
0
0
23
6
34
45
64
44
0
0
13
49
62
25
0
0
0
5
0
0
29
99
0
37
0
95
46
64
3
0
0
0
65
0
0
0
0
0
0
0
2
26
61
58
0
0
0
0
0
0
0
13
0
37
11
0
0
3
0
0
0
0
0
0
6
27
79
0
0
0
0
0
0
0
0
1
0
0
0
0
0
0
0
0
0
24
0
24
0
0
0
24
0
0
0
0
41
38
71
13
48
0
107
0
36
0
0
0
27
0
19
0
0
0
0
0
0
0
0
0
0
0
0
0
0
3
0
7
0
0
0
0
10
0
43
31
48
0
0
0
13
43
89
42
40
0
9
75
47
70
40
16
0
0
16
67
75
96
44
48
19
61
0
0
0
13
0
0
0
0
0
0
0
0
0
0
0
16
38
29
32
0
0
0
14
53
10
0
0
0
118
1
16
0
25
118
96
109
17
0
0
0
79
0
0
0
0
0
0
0
0
0
0
0
0
0
16
54
0
0
0
0
41
0
84
18
87
12
159
84
89
0
0
0
0
52
0
29
0
83
0
0
0
46
21
0
0
0
0
14
0
0
0
0
0
2
0
0
0
0
0
44
0
0
77
25
0
0
29
148
54
26
0
30
42
26
97
56
44
0
0
0
0
0
0
0
0
0
1
43
0
0
46
0
25
0
0
0
0
0
0
0
0
43
0
68
18
137
22
0
0
0
0
23
37
18
20
0
19
25
0
0
0
64
0
0
0
0
0
0
0
0
0
1
7
0
74
16
114
90
60
96
42
149
70
56
0
0
3
0
0
0
90
0
78
36
69
99
115
39
44
0
0
0
0
0
58
0
0
0
12
0
6
0
10
0
4
60
0
0
14
0
0
0
9
51
0
0
0
0
0
0
0
47
0
0
0
0
22
0
0
0
0
0
17
22
41
85
0
11
0
0
0
0
0
17
0
9
0
0
33
27
11
60
0
0
0
0
0
43
70
20
0
0
33
0
32
0
21
0
0
0
0
53
0
25
0
0
25
0
0
0
5
0
0
0
27
21
18
48
0
0
0
0
9
0
48
81
53
127
26
16
0
0
1
0
0
0
0
0
0
43
38
49
12
0
0
0
24
0
73
0
2
0
0
6
22
23
61
0
0
0
0
0
24
0
47
0
34
0
0
0
0
123
26
65
22
48
0
0
0
0
0
0
1
0
0
0
76
63
49
113
0
90
0
60
41
29
42
0
0
0
0
0
64
34
0
0
0
0
0
0
0
0
0
27
87
0
43
0
0
0
0
0
0
0
0
0
0
0
0
0
0
0
0
97
3
23
0
0
0
0
0
0
0
0
0
0
31
0
0
0
0
0
0
12
0
16
34
0
13
0
0
0
0
0
0
53
74
10
58
0
0
0
0
64
0
21
0
0
0
99
92
77
94
91
143
79
12
0
0
0
0
0
3
56
54
52
57
3
4
52
0
29
0
10
58
17
0
0
0
0
0
0
0
11
0
0
0
0
27
0
0
0
0
0
0
14
0
0
0
0
0
0
0
0
18
0
0
0
42
0
0
0
0
0
0
27
0
0
0
0
0
0
0
0
20
0
0
0
0
0
0
0
0
0
0
0
0
0
0
0
71
112
133
117
131
109
114
101
148
136
145
97
52
121
89
119
83
86
144
121
134
151
149
151
97
111
119
95
66
78
48
0
0
0
0
0
0
0
57
130
99
0
7
0
0
20
7
0
34
0
67
75
90
1
0
0
55
104
8
71
0
64
22
27
0
0
0
0
80
30
77
0
114
18
62
0
0
0
0
0
11
0
38
0
0
0
1
64
110
118
0
0
0
0
0
0
0
6
0
55
0
15
0
77
95
85
64
86
4
13
0
0
0
0
0
0
40
0
29
28
43
126
119
64
50
0
60
57
23
0
0
0
0
0
0
0
0
76
98
54
23
111
0
20
0
0
0
0
50
0
8
0
41
0
0
0
0
0
0
0
0
0
0
0
0
0
0
15
0
0
0
0
67
0
39
3
62
0
0
0
0
8
0
0
0
0
8
0
75
0
33
0
0
0
0
0
0
0
0
0
0
0
0
6
0
36
0
0
0
18
4
27
9
111
0
82
0
38
0
49
47
29
0
0
96
97
91
0
0
0
18
0
0
0
0
6
0
0
0
0
0
62
48
97
2
74
51
113
76
57
70
0
37
0
3
0
0
0
24
0
0
0
0
11
0
0
0
0
0
0
0
0
0
0
0
0
0
0
9
17
0
0
0
42
0
0
0
0
0
33
0
0
0
0
0
16
0
0
0
0
0
0
0
0
0
0
0
0
0
0
0
35
46
63
58
0
0
0
0
10
0
81
0
69
27
42
0
7
0
52
12
116
3
6
0
1
52
8
37
0
0
0
0
19
86
97
42
55
7
77
41
100
0
0
0
0
0
0
0
47
45
43
50
20
7
0
0
0
29
54
1
5
71
120
129
0
5
0
87
0
59
19
102
134
112
39
93
0
0
0
0
0
0
0
0
0
0
0
0
61
0
0
0
0
74
30
71
0
63
0
0
0
0
0
0
0
0
0
58
32
0
0
69
42
65
0
12
0
0
22
0
0
0
0
11
0
0
0
0
0
12
0
0
4
0
0
0
0
30
33
0
0
84
0
27
0
5
0
0
5
0
0
0
0
0
46
27
42
8
0
0
3
66
63
3
54
62
0
0
0
0
8
0
104
71
48
15
0
0
90
0
73
10
0
0
0
0
0
0
0
0
0
0
0
0
0
9
34
0
0
0
0
0
0
0
0
29
0
54
5
0
0
0
0
35
0
0
2
24
111
31
0
0
37
23
46
72
0
0
0
0
0
0
6
31
0
12
0
22
0
65
2
40
0
0
0
0
0
0
0
0
0
0
0
0
0
9
57
5
0
21
0
0
0
0
0
0
21
0
20
0
17
0
0
0
0
0
0
0
0
0
5
0
0
0
0
58
24
111
52
42
0
65
0
34
13
0
2
0
0
93
0
54
19
92
90
37
153
110
149
147
22
43
0
0
0
0
17
53
97
7
0
0
43
38
49
35
48
10
39
43
0
4
0
29
26
0
0
0
29
0
0
0
0
0
0
0
0
0
0
0
0
0
2
76
123
56
46
34
0
37
0
37
0
0
0
0
0
0
0
5
0
44
25
8
31
43
141
46
34
0
0
7
0
23
26
41
30
0
0
0
0
0
0
79
138
130
148
0
0
0
73
78
125
66
1
0
0
0
0
0
0
0
0
0
0
0
13
0
15
47
69
78
1
81
48
33
69
0
58
14
0
0
0
0
0
26
0
59
2
7
0
0
0
0
0
0
0
0
0
0
0
0
0
0
0
14
0
0
0
0
0
0
0
0
0
0
0
0
0
0
12
0
0
