79
79
29
0
0
149
3
0
79
121
0
17
130
74
58
63
63
14
0
0
35
51
0
83
111
59
12
68
10
0
168
101
0
21
44
90
0
0
123
41
0
24
104
0
28
36
14
56
0
33
28
0
0
94
42
0
42
34
0
30
34
41
0
66
105
0
0
148
78
0
6
0
0
67
0
85
10
92
1
28
0
0
32
12
0
51
125
38
0
0
55
0
0
80
48
0
40
44
19
0
9
37
16
75
31
10
59
72
166
64
0
0
26
0
15
20
51
81
29
102
57
0
104
41
0
58
56
38
0
0
0
12
122
0
0
0
0
97
130
15
140
0
0
25
0
5
44
0
46
37
0
41
90
80
2
27
62
55
38
20
0
93
103
14
32
0
3
83
30
124
84
72
55
31
28
0
24
39
0
16
50
13
83
1
32
68
0
38
0
0
13
60
0
0
20
0
18
59
0
0
54
81
14
36
0
0
39
0
13
10
87
6
0
157
74
0
99
30
18
77
114
24
59
0
10
71
37
0
26
30
20
96
0
68
25
0
0
0
23
57
0
0
40
0
59
50
18
0
16
55
0
69
27
0
55
31
32
38
0
78
64
64
0
0
69
0
33
139
4
0
32
0
0
0
0
70
0
0
0
0
10
0
80
101
0
0
0
27
78
43
84
102
43
0
0
133
85
0
44
7
29
117
0
0
86
77
0
0
121
0
0
33
0
74
0
55
40
0
0
134
55
55
20
8
127
3
7
0
0
0
74
12
0
41
56
0
25
141
88
58
0
0
36
0
0
57
72
0
57
0
0
0
0
29
23
109
47
1
0
41
11
36
32
47
32
6
0
3
98
33
0
31
22
0
53
34
55
96
102
0
0
21
109
0
1
74
40
0
0
0
108
52
19
27
13
76
24
18
0
0
31
7
0
3
21
50
0
9
79
0
0
11
0
35
36
31
0
0
0
0
83
0
7
70
23
0
74
49
0
92
50
0
0
30
2
0
126
11
48
54
12
81
68
79
63
0
86
24
35
153
23
37
53
0
44
84
42
0
14
66
136
0
75
8
10
87
0
27
0
0
53
0
52
0
0
108
0
0
63
0
122
31
0
0
63
31
26
0
99
132
41
0
0
94
30
47
59
0
0
28
33
0
0
39
103
0
0
0
2
118
69
0
3
0
82
81
0
0
85
53
0
0
63
40
142
68
0
45
93
75
0
0
69
19
0
103
0
0
73
99
0
0
51
84
0
33
56
0
15
7
79
0
0
102
40
0
9
55
0
28
45
103
0
0
95
105
12
66
37
0
0
24
95
0
37
121
0
0
0
53
0
26
156
15
0
49
19
0
0
0
86
18
56
0
0
0
36
137
0
0
0
0
0
120
122
71
0
8
9
0
4
79
0
0
102
38
81
59
0
0
37
107
15
70
0
0
32
148
0
11
76
0
0
112
0
15
110
82
0
0
84
76
0
0
10
51
56
28
0
23
57
68
81
0
0
98
154
42
19
36
0
0
79
63
0
0
93
96
0
40
77
57
21
0
38
58
0
2
0
0
37
135
0
0
0
21
77
159
22
0
80
0
0
30
20
72
43
9
0
0
58
24
106
119
28
66
13
20
53
19
106
62
30
0
0
0
98
46
4
73
0
0
0
26
57
110
14
0
0
0
22
23
0
140
80
0
35
0
50
44
50
89
0
0
46
122
0
0
167
137
0
0
0
11
46
0
35
10
0
29
30
0
108
56
58
70
35
60
47
73
94
67
19
12
96
5
0
66
123
70
40
17
80
119
119
71
76
0
43
77
7
8
0
0
0
24
37
8
0
90
61
0
0
0
0
26
170
79
33
0
0
0
0
74
39
0
0
89
74
0
14
25
120
12
0
31
27
29
103
96
4
31
0
0
75
50
65
73
0
0
31
0
43
166
58
0
54
85
0
0
0
57
0
65
62
0
0
94
53
0
31
44
48
13
0
48
206
62
96
0
0
0
14
0
57
83
21
35
0
69
158
0
3
7
0
0
68
121
36
0
0
81
141
6
0
22
46
76
128
62
0
13
29
56
49
34
59
0
69
93
0
62
86
0
0
4
84
0
0
29
32
28
3
0
42
0
0
10
18
20
0
0
0
0
87
58
25
24
5
0
90
80
72
50
59
0
31
108
30
0
99
108
24
12
48
18
0
55
82
27
0
46
51
14
0
0
42
68
0
0
0
0
2
61
0
0
0
0
0
37
55
50
76
0
0
1
13
82
0
0
27
79
63
0
0
63
71
79
136
85
0
90
49
0
118
19
0
0
15
65
41
63
49
0
0
0
133
6
0
11
0
52
49
0
0
9
0
0
109
0
115
32
61
23
60
14
45
0
0
114
118
18
1
31
27
104
0
0
18
13
82
78
1
0
50
0
0
62
0
0
0
84
42
38
14
101
45
0
0
127
100
40
0
26
30
24
4
48
13
110
49
18
30
96
32
3
0
10
15
121
23
0
0
23
103
26
0
0
19
47
47
0
0
59
77
0
0
17
51
80
38
29
70
0
0
115
63
0
0
24
98
0
0
113
160
52
0
0
49
43
13
0
0
61
0
0
3
0
30
47
87
52
0
0
128
73
0
0
81
117
0
8
0
36
137
0
62
77
87
108
80
52
101
0
0
0
0
60
0
4
18
0
0
77
45
0
0
95
54
0
87
0
0
0
7
54
0
19
0
0
73
0
81
88
0
10
0
61
133
12
10
0
50
0
0
0
135
50
0
62
18
117
2
12
35
0
44
102
0
0
75
62
0
8
37
28
48
58
0
16
160
88
70
0
0
40
65
0
0
90
115
0
7
49
2
26
0
34
87
65
0
0
48
82
0
0
78
3
0
111
122
141
0
0
35
0
57
0
0
113
10
95
41
0
111
51
0
33
84
0
0
0
107
32
4
108
0
0
0
144
63
19
76
0
0
51
0
0
49
0
93
0
3
8
38
72
11
91
61
0
1
0
0
24
90
136
31
0
68
0
28
155
0
61
115
0
0
0
58
47
81
0
1
30
11
68
9
24
117
97
0
0
0
0
0
28
91
16
0
144
83
0
94
127
0
0
34
36
3
42
0
70
27
6
0
0
0
66
122
71
8
0
60
0
0
84
103
0
61
72
0
105
46
0
20
16
0
45
11
0
155
0
80
53
0
0
0
47
37
5
88
15
0
0
9
0
0
116
4
67
128
12
99
38
16
41
35
52
11
0
0
91
27
112
30
0
42
66
20
0
100
78
0
0
66
0
0
0
42
0
37
89
43
79
0
58
6
96
81
0
0
0
29
0
0
0
110
30
0
0
34
0
88
29
48
0
0
29
0
51
51
18
77
0
0
0
85
30
64
90
42
119
40
0
28
45
43
42
64
37
15
55
47
23
0
67
26
0
121
0
33
99
83
5
0
0
6
46
8
0
69
41
39
17
0
4
0
0
0
35
84
0
75
51
0
0
0
61
0
14
92
69
0
20
0
50
119
15
0
24
0
87
90
43
86
46
15
0
27
75
24
97
110
32
0
37
75
0
7
66
75
57
29
0
41
119
71
28
80
0
55
61
0
64
96
52
80
185
0
0
3
74
65
0
0
100
120
0
11
105
7
0
0
0
146
29
98
17
0
0
18
71
24
0
0
120
80
0
0
0
0
45
14
0
9
40
0
71
120
98
60
0
0
29
101
74
0
0
37
0
35
2
4
32
81
169
115
15
0
84
0
68
0
10
2
0
0
9
0
64
29
82
80
59
89
105
60
0
0
6
22
0
0
0
56
68
39
0
0
72
69
79
37
0
38
129
30
0
0
0
0
44
0
47
24
46
110
20
0
75
146
0
0
101
54
94
0
0
2
41
61
30
9
53
131
50
53
0
82
6
57
0
31
4
90
18
0
0
41
101
0
51
0
37
98
18
23
42
0
6
46
0
0
75
107
39
27
131
103
92
86
0
0
151
96
0
0
139
50
0
14
76
0
0
25
100
0
8
0
33
0
22
14
18
0
0
44
0
18
102
28
0
71
0
28
12
45
123
0
36
53
40
0
0
21
0
46
9
7
0
0
5
133
0
15
79
0
2
34
0
0
75
87
102
0
0
30
0
156
143
6
0
134
43
0
50
92
0
70
2
77
54
0
16
27
108
33
67
35
0
0
0
65
26
9
15
10
20
86
73
8
64
14
36
124
71
0
41
3
38
123
45
0
0
0
0
78
84
14
14
0
29
23
16
39
3
0
11
0
1
0
0
0
139
2
0
65
32
0
22
59
86
79
0
0
46
45
66
9
0
18
0
4
0
48
102
76
105
107
0
0
0
17
0
57
13
7
62
0
0
13
165
26
0
0
0
115
41
21
0
38
0
0
0
0
0
84
40
5
30
117
105
40
0
0
128
134
25
0
25
110
29
78
3
0
70
101
0
0
146
1
5
97
18
1
22
0
17
0
0
67
121
0
0
79
98
46
0
28
0
0
77
89
2
8
6
0
57
7
40
91
121
0
0
114
63
44
66
0
45
184
0
0
43
6
0
49
141
11
0
102
67
0
134
23
0
52
13
0
94
51
0
0
15
0
0
100
0
26
114
42
78
0
38
0
0
0
68
0
0
0
0
118
0
0
107
0
0
174
90
0
106
142
0
106
18
0
116
28
42
108
36
68
0
0
85
15
13
129
0
0
47
0
10
73
0
0
52
51
0
0
55
20
30
21
0
0
0
64
94
32
59
54
0
64
5
21
66
0
0
100
0
0
69
0
72
114
13
0
0
55
0
122
34
37
82
0
0
0
0
137
55
0
54
38
93
57
0
0
105
0
0
28
43
13
8
118
36
37
56
0
81
37
147
108
0
117
0
0
0
0
0
101
17
17
124
0
3
141
0
28
0
0
64
37
0
0
10
0
0
0
0
176
50
0
175
12
2
11
0
0
82
0
58
0
0
8
50
63
34
0
67
125
0
65
29
95
12
48
0
0
56
0
0
59
88
142
31
0
35
124
100
53
49
22
4
0
0
82
0
0
52
83
0
0
5
78
77
50
6
137
27
0
0
62
111
0
0
0
0
63
63
39
11
0
0
22
25
0
50
79
10
0
81
12
0
3
0
6
92
5
45
0
0
2
34
6
0
46
63
48
117
100
75
0
34
23
0
16
25
56
0
58
53
14
0
0
6
61
29
124
0
47
0
0
97
54
0
23
1
0
26
43
48
131
64
66
117
35
0
23
82
44
30
36
0
56
0
0
37
0
0
19
61
36
58
55
131
0
0
23
0
0
0
0
55
76
59
53
27
110
94
71
86
30
73
36
95
92
47
51
2
0
52
0
22
128
50
54
39
54
73
