0
0
0
42
8
0
0
111
0
0
100
61
0
17
50
0
0
0
0
62
0
6
24
0
16
81
0
53
21
88
0
0
0
25
0
0
0
134
0
0
19
0
0
0
0
0
11
0
0
0
0
9
85
0
0
118
0
0
0
34
0
62
0
0
0
55
0
0
0
0
11
66
0
30
0
0
0
0
0
8
0
0
34
44
34
0
0
0
0
87
0
18
28
0
0
0
17
0
85
26
0
62
0
34
0
54
1
7
0
0
36
0
11
6
0
0
44
0
0
0
0
0
0
0
80
0
0
0
0
50
0
0
0
20
0
0
49
0
0
41
0
0
48
0
2
0
0
61
0
0
50
24
0
0
39
0
0
53
0
0
108
0
0
64
0
0
8
0
92
0
0
0
0
0
62
29
0
11
30
0
0
13
0
0
0
0
0
0
35
0
0
0
0
0
0
24
0
0
0
71
0
0
69
0
0
72
0
0
68
0
0
0
0
0
0
61
0
0
35
0
0
0
0
104
0
0
0
81
0
18
0
0
41
0
0
0
29
0
5
0
0
0
1
0
0
0
0
20
0
0
112
0
0
25
0
11
0
73
0
0
0
0
51
0
15
43
0
0
0
0
66
0
0
0
44
0
0
0
0
0
38
43
0
0
0
125
0
30
0
77
0
0
0
0
0
0
0
0
45
0
5
0
0
20
0
0
15
57
0
0
0
0
17
68
0
0
0
87
0
0
64
30
0
0
0
0
29
0
0
8
0
0
0
0
0
10
90
0
0
18
0
22
0
0
22
81
0
0
0
0
0
0
55
0
34
0
0
40
0
1
0
9
0
5
0
0
0
62
0
10
5
0
24
0
0
0
36
0
0
47
120
0
0
0
0
0
0
63
0
57
0
6
0
11
13
0
0
0
0
0
0
0
39
0
17
0
0
1
0
0
0
2
0
0
0
0
0
0
0
96
0
45
0
0
0
83
0
0
41
0
0
0
39
0
82
0
0
25
14
38
0
0
0
0
0
4
0
77
73
0
0
0
27
0
0
0
0
0
8
0
0
36
2
0
17
0
0
0
0
0
0
0
0
0
0
0
54
0
0
0
0
0
0
18
0
0
53
0
0
0
0
0
0
0
0
0
0
0
99
0
0
0
0
90
0
0
38
0
81
0
0
0
16
8
0
0
92
0
0
0
0
102
0
0
0
9
82
0
0
0
0
52
0
0
0
0
39
0
0
0
129
0
0
0
127
0
12
0
20
0
0
5
0
0
0
0
0
0
41
36
0
0
0
76
15
0
0
0
74
0
0
86
0
0
29
0
0
0
99
0
0
0
0
0
0
45
0
29
28
64
0
0
0
0
0
56
0
0
0
55
0
49
6
0
0
0
57
0
0
0
0
0
22
46
0
14
36
0
0
0
14
0
0
0
0
0
40
0
61
1
0
140
0
0
0
0
0
0
26
112
0
0
0
32
0
0
5
0
0
0
0
0
0
113
65
0
0
0
0
38
0
134
0
0
0
55
0
0
0
15
21
0
0
31
0
0
0
10
0
47
0
0
0
40
11
0
0
0
0
0
0
42
67
24
0
3
0
0
0
0
39
4
0
0
0
14
0
0
0
18
0
6
0
0
0
0
0
0
34
0
0
0
0
77
0
0
17
66
52
0
0
64
0
0
0
0
0
40
0
0
0
0
36
109
0
0
55
24
0
0
0
17
0
27
0
20
53
0
0
118
0
0
1
0
66
0
0
26
3
33
3
0
0
0
0
0
0
0
0
24
0
62
0
0
7
0
30
33
0
0
84
0
0
31
0
0
0
58
0
0
24
0
28
0
39
43
0
0
0
7
87
44
8
0
0
0
0
0
31
0
45
19
0
0
29
59
0
44
0
0
27
0
71
0
0
0
0
0
6
28
0
72
56
0
0
31
0
0
0
0
0
0
83
0
0
42
0
0
0
0
29
0
0
1
84
0
0
13
0
0
7
0
0
44
0
0
0
24
16
23
0
0
0
55
0
25
0
0
0
0
123
0
0
0
0
55
69
0
0
0
82
0
0
0
3
0
0
0
0
0
66
0
0
0
0
0
0
42
0
0
0
0
29
34
0
0
0
0
0
0
0
0
28
0
48
0
13
0
0
0
0
0
2
0
0
23
0
0
69
97
0
0
11
23
0
37
0
0
0
0
118
0
0
0
1
19
39
0
0
0
0
0
36
0
0
0
18
0
0
50
75
0
0
45
0
0
0
0
0
0
16
0
0
28
0
0
10
0
0
0
97
0
0
0
0
0
0
110
29
0
0
0
0
0
0
94
0
0
55
0
0
0
0
7
8
0
0
41
0
0
0
0
3
0
0
36
0
15
49
0
0
56
0
7
0
0
0
19
36
0
0
0
12
0
1
19
0
0
6
0
120
0
0
29
34
0
0
53
48
0
0
0
0
21
0
25
0
0
0
0
23
0
26
0
0
15
69
69
0
0
0
140
35
0
0
20
0
0
0
19
0
58
16
0
0
52
0
18
0
0
0
0
0
110
32
0
0
0
92
52
0
40
137
0
0
0
39
0
0
0
0
0
0
0
15
0
0
0
43
0
0
19
0
0
0
0
83
0
16
0
60
0
65
0
0
20
0
0
0
0
0
0
0
0
29
40
0
0
0
0
0
0
3
0
41
0
0
0
0
0
0
0
0
0
0
0
0
0
0
0
0
0
15
0
0
0
105
0
0
0
0
36
11
0
10
87
0
0
38
0
71
0
0
75
0
66
56
0
67
0
0
0
0
54
0
0
0
0
81
28
0
0
50
0
0
0
0
51
0
0
0
118
0
0
0
0
114
0
0
0
0
30
0
0
37
71
0
0
4
6
21
0
75
0
0
41
0
0
30
0
0
0
0
134
0
0
28
0
0
0
7
31
0
0
0
0
0
97
33
0
39
0
28
0
0
0
49
0
0
0
0
0
0
29
10
0
18
0
0
0
0
0
0
72
0
29
0
0
0
0
0
0
0
0
0
0
65
0
71
0
0
40
0
0
0
0
49
0
0
0
0
31
0
0
0
0
0
0
44
0
0
51
0
0
115
0
44
0
0
0
0
20
0
0
61
0
0
0
0
0
0
108
0
70
29
39
0
48
0
0
0
0
0
0
0
0
51
0
0
79
0
59
0
0
16
26
0
0
14
0
36
0
0
0
0
117
16
0
0
0
0
0
0
39
0
0
23
0
0
35
12
0
0
0
0
60
0
0
109
0
0
0
36
118
0
62
0
0
29
0
0
7
0
0
24
0
78
0
0
0
0
0
0
29
0
0
17
0
59
0
10
0
0
0
0
0
52
0
63
0
0
52
0
0
27
0
0
66
0
0
50
0
0
127
55
0
69
0
10
0
0
0
0
30
31
0
24
0
0
76
0
0
0
0
62
9
0
0
0
0
0
75
23
0
0
0
19
0
56
0
0
25
0
0
0
0
62
0
0
0
0
0
26
0
0
0
0
0
52
3
65
0
0
17
56
0
18
0
34
0
0
0
48
0
72
0
0
20
18
5
0
0
0
32
7
0
0
24
0
29
0
4
95
5
0
71
0
0
0
45
51
0
13
58
0
7
0
15
42
0
0
0
43
52
0
40
0
0
18
132
0
0
0
71
0
0
0
0
0
0
61
0
0
0
0
51
21
0
0
0
0
0
0
0
0
0
60
0
0
0
66
61
0
90
31
0
0
60
0
0
0
0
0
0
0
5
0
0
0
0
11
58
18
0
0
0
0
0
129
0
0
7
0
0
0
0
0
110
0
15
0
0
0
100
0
0
0
52
0
36
1
0
0
0
91
0
0
0
11
0
0
51
34
0
0
0
0
47
0
0
0
21
0
0
0
0
0
64
0
0
0
43
16
0
0
0
8
0
0
0
0
0
0
53
0
56
0
0
4
0
0
14
53
0
0
64
113
0
0
0
0
0
130
0
0
85
27
0
0
129
0
0
0
15
0
0
8
0
8
0
36
0
0
53
18
0
0
0
13
0
0
0
0
94
0
37
0
0
0
26
0
0
0
48
0
0
0
0
0
0
99
0
0
23
62
0
0
0
0
0
143
0
0
0
0
75
0
94
0
0
22
66
0
0
30
0
4
46
0
0
0
0
20
0
0
0
0
0
0
0
0
110
0
75
0
0
0
28
7
0
0
0
62
0
0
0
0
78
37
33
0
0
0
7
0
18
0
23
0
59
0
0
0
0
0
0
0
0
1
0
0
0
8
0
39
49
3
0
0
39
0
0
0
47
78
0
0
0
0
15
0
0
0
94
21
31
0
0
0
0
0
6
0
0
0
0
1
0
0
19
0
0
0
0
51
51
0
0
20
0
44
0
0
0
0
0
0
0
61
68
0
0
32
84
0
0
0
17
0
0
0
77
0
0
75
0
0
0
45
0
16
15
3
0
0
0
52
0
0
20
60
0
0
25
0
0
0
24
0
0
0
0
0
0
0
46
0
3
65
0
0
0
44
114
0
0
0
58
64
0
0
0
31
0
46
0
0
0
0
75
0
1
62
0
0
123
0
0
0
0
0
0
0
0
0
75
0
13
29
0
0
0
7
0
0
0
46
0
0
22
0
0
0
72
0
0
46
44
0
0
55
9
0
70
2
0
105
0
0
7
0
0
0
133
10
0
75
0
0
0
41
1
0
33
0
0
0
0
0
0
2
0
21
0
0
0
17
56
0
0
18
0
0
0
0
0
31
0
76
0
0
51
0
0
105
0
0
45
65
41
63
14
0
61
0
0
34
0
36
8
0
0
57
0
0
0
0
0
0
0
0
52
0
0
52
68
0
0
91
0
0
1
0
0
0
0
0
0
0
35
48
0
0
14
0
0
25
72
0
44
0
0
82
0
0
15
7
0
0
7
0
52
0
0
39
0
0
40
0
0
0
10
0
0
0
25
0
0
0
0
83
0
0
62
26
0
0
41
0
0
87
0
0
28
0
0
0
62
40
93
0
0
17
0
0
0
0
119
0
0
68
0
0
0
80
7
0
14
54
30
0
0
22
13
0
0
0
0
0
64
0
0
0
0
0
56
0
7
100
0
33
0
91
0
0
0
0
0
0
0
18
0
0
6
0
0
61
94
0
0
45
0
0
0
0
45
0
28
73
0
0
0
0
0
46
0
42
40
0
0
0
85
0
12
123
0
0
61
0
0
0
29
0
17
0
9
26
0
0
14
0
0
37
0
0
0
0
0
34
0
0
73
0
0
90
0
0
0
67
0
0
0
0
51
52
0
66
0
0
27
0
0
0
0
53
0
109
0
0
12
0
29
51
0
0
77
0
0
0
27
20
58
