72
118
47
71
63
84
38
117
0
114
175
36
56
48
42
0
51
8
73
76
10
53
11
72
113
24
0
83
136
60
0
80
0
108
0
0
78
126
0
0
45
0
0
50
1
104
2
22
0
52
0
107
37
0
48
21
45
0
54
20
0
95
0
62
30
0
0
12
45
0
156
56
0
114
0
106
0
44
64
132
0
52
107
0
87
30
47
0
81
29
0
48
0
0
10
56
132
8
113
0
0
9
0
28
0
118
52
0
10
31
7
2
152
0
46
87
15
0
0
29
0
0
6
161
4
0
51
0
44
62
33
0
88
30
0
53
17
0
32
0
125
37
73
0
0
0
56
22
0
36
58
62
0
94
63
33
18
72
0
78
137
0
67
4
0
8
0
0
83
0
0
74
6
0
197
0
0
88
17
0
105
49
40
0
0
56
0
125
4
0
5
0
56
0
0
53
0
0
57
89
0
105
42
0
98
7
0
33
96
0
43
0
10
0
60
0
29
0
2
2
45
0
147
35
70
115
60
19
0
164
0
93
0
0
19
39
33
37
13
0
0
0
112
0
4
0
37
17
0
54
49
0
130
15
61
0
0
111
0
29
0
84
111
0
99
1
0
39
7
116
52
0
2
116
9
15
0
61
0
0
141
20
0
0
55
103
0
21
0
140
0
0
59
12
0
38
77
15
69
0
7
27
0
12
0
53
46
3
110
6
0
156
19
31
0
1
0
105
0
51
108
0
0
59
24
19
31
0
0
42
0
0
12
84
0
0
110
0
10
63
0
0
0
40
136
0
0
70
43
0
27
109
93
35
0
0
0
96
0
89
0
63
0
42
14
0
56
93
0
16
13
24
32
0
33
58
91
12
17
123
50
0
0
0
25
23
33
38
3
46
0
24
116
83
38
0
0
85
0
44
0
76
0
49
53
0
88
0
0
0
94
83
0
69
60
39
12
0
85
85
135
25
0
32
138
0
0
91
48
1
0
117
51
25
134
0
78
86
24
37
0
45
54
0
30
42
73
9
96
0
35
82
50
0
0
32
24
0
140
0
67
43
0
0
24
0
26
0
0
15
64
26
6
0
0
62
99
0
96
0
61
0
70
20
54
0
0
0
40
0
0
94
0
132
1
0
58
90
137
0
0
0
25
0
84
7
20
21
72
0
102
0
80
0
0
2
99
0
141
0
73
34
0
31
0
115
0
0
0
0
0
0
34
110
0
69
41
59
0
26
112
0
0
175
74
0
95
0
31
0
31
0
5
0
0
22
0
95
18
4
104
23
16
94
3
0
0
82
0
0
52
93
0
66
31
0
0
77
40
0
0
0
38
39
73
86
0
0
158
12
17
0
0
48
42
44
0
0
113
45
28
122
0
92
0
86
0
0
25
74
67
82
43
0
0
11
88
0
0
31
95
44
0
49
0
142
70
36
100
0
24
133
0
83
0
12
19
84
136
58
0
6
51
0
4
66
36
22
0
22
4
91
71
102
0
17
0
0
162
24
37
44
0
0
80
147
0
0
0
99
0
0
137
37
0
30
53
119
47
112
0
0
0
87
56
85
0
0
65
0
2
144
80
0
0
88
0
0
0
0
83
0
0
120
52
50
55
0
29
26
11
54
10
0
17
104
0
21
121
34
0
97
31
13
0
100
70
19
59
0
0
154
0
0
7
0
121
0
0
19
0
74
132
15
0
21
41
0
0
39
0
9
16
100
13
0
54
0
77
11
0
14
8
0
0
0
0
35
0
22
0
0
0
0
0
0
0
3
0
0
5
23
0
0
82
9
107
17
0
39
181
0
79
60
25
36
71
112
0
160
84
3
79
4
132
67
19
0
87
55
87
0
9
21
39
46
0
99
40
0
82
0
0
83
85
3
0
81
0
2
31
0
104
0
38
90
64
63
0
19
115
84
60
0
0
92
28
0
0
46
0
156
0
0
0
89
0
15
18
48
1
0
157
74
85
0
0
67
120
35
0
0
91
34
0
1
84
11
84
0
0
30
129
57
0
75
0
0
0
101
71
0
0
0
85
0
153
5
0
31
29
0
53
16
23
0
72
0
97
22
53
0
20
47
12
0
76
33
0
0
46
140
0
0
47
0
0
31
0
0
77
0
72
0
89
0
7
0
69
0
70
5
16
0
94
0
0
64
136
0
0
47
151
46
0
80
0
65
0
139
0
0
0
16
77
85
0
0
34
10
0
80
37
0
0
55
52
0
0
42
138
0
24
68
0
21
15
78
0
0
106
66
7
18
0
15
64
19
4
80
23
0
71
18
61
0
65
37
10
0
101
11
0
99
94
79
0
15
68
0
82
0
25
0
40
0
103
0
0
0
24
0
114
0
0
20
57
99
17
0
35
110
0
8
0
75
15
116
0
0
37
0
98
35
100
0
0
3
40
129
44
0
0
88
71
0
0
114
19
0
0
58
22
77
58
0
0
47
0
72
66
23
39
24
0
162
74
25
0
0
119
43
66
0
181
0
0
25
82
57
0
99
0
0
8
40
6
69
0
0
68
0
41
104
0
0
12
120
116
0
86
123
60
0
81
69
91
0
55
16
0
56
59
58
10
21
17
7
24
0
8
0
0
11
60
55
40
0
82
24
0
0
131
0
28
0
2
0
15
0
53
0
19
11
121
0
0
0
93
10
0
42
49
83
46
0
16
0
77
0
60
0
75
0
0
76
0
0
123
0
52
76
0
0
4
138
128
0
44
25
109
83
7
0
150
71
0
11
44
109
5
0
56
144
0
153
0
0
117
0
0
80
23
76
0
6
36
64
69
15
0
19
198
0
89
2
68
36
0
0
103
77
0
15
0
145
13
0
79
34
27
0
0
63
83
49
0
0
7
0
0
0
137
0
159
0
0
58
50
0
0
0
124
58
0
17
112
51
28
0
55
31
13
0
0
76
17
36
0
47
42
0
77
0
0
75
37
0
29
0
122
0
34
107
2
21
18
0
45
0
23
83
0
86
10
10
9
90
37
19
0
16
21
18
47
20
111
0
110
0
0
26
0
136
0
0
113
0
48
11
0
65
0
0
91
80
0
99
0
6
16
62
5
75
37
0
45
0
17
49
4
65
0
138
5
0
55
31
4
0
88
0
140
47
97
0
0
132
0
54
0
73
0
0
57
61
119
0
104
0
69
57
0
54
36
33
0
40
0
0
176
7
0
0
22
186
0
37
0
7
23
0
53
120
0
52
16
0
74
93
0
29
0
0
12
0
0
0
177
0
38
30
122
0
0
30
0
0
84
0
0
29
0
135
0
40
125
0
0
27
0
18
51
31
0
83
76
0
115
0
55
0
20
29
0
145
0
0
79
0
48
36
0
35
41
0
113
57
0
61
76
0
25
143
104
58
0
0
0
0
66
9
94
72
0
20
6
0
101
52
0
0
23
40
58
0
0
28
41
0
50
0
81
0
0
0
63
11
60
0
64
0
0
0
52
8
101
0
0
5
1
38
20
0
0
53
3
43
0
0
35
0
8
22
27
0
0
0
24
0
0
72
0
0
29
0
0
0
27
0
0
0
0
6
32
0
0
0
125
19
18
153
69
7
57
104
0
32
0
69
64
0
154
4
19
62
0
124
73
1
54
26
128
91
51
21
125
0
103
96
0
0
79
19
0
62
74
12
0
131
24
0
0
46
71
90
0
69
0
68
0
16
7
52
156
23
125
0
15
46
155
0
0
151
0
0
75
81
0
61
0
163
0
5
0
83
0
80
0
86
4
7
97
61
0
0
133
38
101
0
22
25
4
0
54
0
17
91
0
39
11
36
35
127
0
40
24
1
0
0
114
18
0
67
80
0
0
0
87
22
83
85
0
60
8
42
0
82
39
0
48
0
0
14
40
1
2
73
183
20
83
4
19
0
4
71
0
76
38
34
0
97
1
78
0
43
0
25
8
0
23
57
57
0
25
48
98
0
0
0
0
98
77
0
1
156
0
0
0
154
0
37
0
34
0
127
0
30
10
59
0
0
92
0
54
0
50
4
90
0
0
0
158
0
0
119
0
41
0
93
3
0
76
82
48
0
10
17
32
85
58
0
125
93
49
28
0
16
0
139
38
0
0
103
1
99
10
0
0
24
168
10
0
0
122
23
112
7
0
55
68
77
0
26
0
51
0
19
0
10
53
119
3
0
0
0
6
143
0
0
4
98
0
0
0
0
56
54
160
9
0
38
13
30
37
23
46
10
0
7
0
0
0
0
54
42
0
94
31
0
0
40
0
40
19
0
90
0
61
90
11
4
8
83
0
0
0
0
77
0
38
0
134
96
44
0
0
0
75
0
68
51
0
5
83
123
20
0
0
67
5
0
0
58
120
40
26
0
86
0
149
0
0
0
53
13
34
8
132
28
0
15
215
16
0
0
100
0
0
57
55
120
0
34
15
8
9
100
0
2
123
53
55
24
13
111
0
0
0
37
77
0
63
0
49
0
120
18
41
0
0
67
0
53
78
106
0
153
0
0
0
9
134
0
0
64
16
42
93
0
58
51
7
85
48
5
11
0
70
0
0
136
31
0
0
64
0
63
9
88
38
0
2
71
34
24
150
18
76
18
0
108
0
0
0
110
0
0
124
2
5
0
30
32
0
92
65
42
0
67
11
14
21
0
78
85
0
0
40
39
8
0
116
105
0
0
158
0
97
0
94
0
0
46
3
0
78
0
0
63
23
0
149
0
0
86
112
6
3
0
71
0
0
84
0
35
67
36
44
0
0
109
0
88
39
0
61
136
26
0
187
0
8
147
0
6
40
0
82
0
0
46
48
52
0
26
0
18
4
102
0
58
0
0
152
0
0
0
49
0
0
0
0
0
82
0
18
0
20
121
0
0
0
85
0
12
68
0
0
0
0
77
16
0
39
21
48
0
7
43
53
0
0
24
8
31
43
35
0
79
25
121
0
78
46
0
22
11
0
137
0
0
136
13
163
0
125
87
0
44
85
50
0
16
0
0
24
86
19
20
0
92
17
0
52
0
89
99
0
86
87
0
111
14
143
0
0
53
21
0
0
16
14
0
0
5
0
0
54
108
0
0
87
66
95
0
0
183
7
0
139
60
0
0
48
0
0
11
0
109
0
0
62
77
6
39
193
0
0
63
34
0
0
28
24
60
0
0
139
0
0
46
41
31
148
0
106
0
0
0
158
91
0
116
27
0
94
6
0
36
61
0
0
0
0
32
39
0
125
46
26
88
34
0
37
0
46
7
166
11
0
77
0
42
94
0
0
121
24
0
0
5
21
65
11
60
15
0
15
0
0
0
0
27
0
57
36
0
0
0
0
67
0
0
21
44
0
0
36
14
53
0
