61
0
0
0
0
13
0
0
0
43
0
0
0
0
0
0
0
0
0
0
0
0
0
51
10
0
0
5
112
0
0
0
0
0
0
0
0
0
1
0
0
0
0
0
0
0
0
0
0
0
0
56
0
0
0
0
123
4
0
0
0
52
0
0
0
0
0
0
1
0
0
0
0
0
0
0
0
25
0
0
0
0
0
0
47
0
72
0
0
0
0
15
0
0
42
46
0
0
21
0
0
0
0
35
0
0
0
0
0
0
0
0
75
0
0
0
0
0
0
0
0
0
11
79
0
0
0
0
0
0
0
0
5
0
0
0
0
0
0
0
70
0
0
0
0
0
9
0
0
0
0
38
0
0
0
0
0
0
0
43
0
0
0
0
0
0
0
0
91
0
0
0
0
0
0
0
0
0
0
28
0
0
0
0
0
0
0
22
0
0
0
0
0
0
21
0
133
0
0
0
0
7
0
0
0
0
0
0
53
11
0
0
0
36
0
0
0
0
0
0
3
0
0
0
60
19
0
0
0
56
0
0
0
0
0
0
0
0
3
0
0
44
0
0
12
0
0
0
0
0
17
0
118
34
0
0
0
43
0
0
0
0
0
0
0
0
27
0
0
33
0
0
0
0
0
0
0
2
0
0
64
0
20
0
0
0
0
0
0
32
0
5
0
0
0
65
0
0
0
0
14
51
0
0
0
15
0
0
95
0
0
0
0
0
0
44
43
0
0
49
0
0
0
120
0
0
0
0
0
0
0
0
0
5
0
0
70
0
46
23
0
0
0
0
0
0
0
112
0
0
0
57
0
0
0
0
0
23
0
0
1
64
0
0
134
0
0
0
0
0
0
48
51
0
0
93
0
0
0
0
0
0
0
0
0
1
0
0
0
0
24
0
46
0
25
0
0
0
0
0
0
0
0
58
6
0
0
0
0
0
0
0
0
0
0
0
0
0
0
0
133
0
0
0
0
0
0
0
0
0
0
0
0
0
0
0
0
0
26
0
0
78
0
0
0
0
75
0
84
0
0
12
0
0
0
0
0
0
0
0
0
0
0
0
20
0
0
0
0
14
0
0
0
0
0
0
86
0
0
18
0
0
0
0
0
0
6
0
2
0
0
0
0
0
0
0
0
0
0
0
0
0
0
0
60
0
0
0
0
0
0
0
0
0
0
27
0
0
0
0
0
11
0
0
10
0
0
0
0
0
0
0
77
0
0
34
0
0
0
0
0
0
37
19
0
31
50
0
0
0
0
0
0
0
0
0
1
0
0
0
119
0
0
0
0
4
0
0
0
0
64
120
0
0
0
0
0
0
0
0
49
17
0
0
0
0
0
0
116
0
0
36
0
0
0
12
0
0
70
0
0
0
0
0
0
0
0
0
0
22
2
0
0
0
0
0
109
0
0
0
0
11
0
0
0
0
0
15
0
0
0
0
0
0
0
0
46
48
0
0
0
0
0
0
72
0
0
0
31
0
0
0
0
0
0
13
0
0
0
0
0
0
0
17
24
0
0
0
0
0
0
0
78
0
0
0
0
0
0
0
0
0
0
4
0
0
66
0
0
0
0
0
0
49
0
0
0
58
0
0
102
0
0
15
0
0
0
0
0
0
0
0
1
0
0
0
0
0
0
0
0
0
0
0
0
0
0
0
42
0
86
19
0
14
0
0
0
0
0
0
0
0
0
0
0
0
0
0
0
27
0
0
0
56
0
0
46
0
86
58
0
37
0
0
22
0
0
25
14
28
0
0
0
0
0
0
45
0
0
0
14
62
0
0
52
0
0
0
0
26
0
0
0
0
0
0
0
0
0
26
0
0
0
0
0
0
3
0
0
0
0
0
59
1
0
0
0
94
0
0
0
0
0
0
0
0
0
102
0
0
0
0
0
0
0
0
0
0
0
0
71
0
0
0
0
59
0
0
0
0
0
0
0
0
0
0
0
0
0
0
0
0
78
0
0
0
0
0
96
0
0
0
0
0
17
0
0
0
7
0
0
0
0
0
0
0
0
0
0
0
4
0
0
0
0
0
93
0
0
5
0
0
8
0
0
0
0
0
0
0
4
0
0
0
0
0
0
0
0
0
0
0
0
0
141
0
0
0
0
0
8
0
0
0
0
0
76
0
0
0
3
0
0
32
15
0
0
44
39
0
0
0
62
0
0
0
0
0
14
0
0
0
56
0
0
0
0
0
26
0
0
0
0
0
0
67
0
0
0
0
123
0
0
0
0
0
0
0
0
0
25
0
4
0
0
0
25
0
0
0
0
0
0
7
0
0
0
0
69
0
9
0
0
0
0
0
0
0
17
0
0
0
0
0
0
0
0
0
0
0
0
32
0
0
0
0
67
0
0
0
0
0
0
0
0
0
0
0
0
0
0
0
0
0
12
0
0
0
0
0
0
0
0
0
79
38
0
0
0
0
0
0
0
0
0
0
0
0
6
0
0
0
0
0
0
0
0
0
0
0
0
0
57
0
3
0
0
0
0
0
0
0
0
0
0
0
0
83
0
0
0
0
0
0
0
0
0
0
0
0
52
0
6
0
0
0
0
0
0
0
0
0
0
0
0
5
0
0
0
0
56
0
0
0
67
83
0
0
70
5
0
0
34
0
0
0
0
0
0
7
32
0
0
0
0
0
0
0
0
0
0
0
43
0
0
0
124
0
0
0
67
0
0
0
0
0
0
0
0
0
0
0
0
0
0
0
0
0
0
0
14
12
0
0
58
0
0
0
0
0
0
0
0
0
0
0
0
0
0
0
0
0
0
33
0
0
0
0
0
0
0
0
79
0
0
0
54
0
0
0
56
0
0
6
0
0
0
0
56
0
0
0
0
15
0
0
0
0
0
0
84
0
0
0
0
0
0
16
0
0
0
0
0
0
0
0
11
0
0
0
0
0
2
0
0
0
0
0
59
59
0
0
58
0
0
7
0
0
0
0
27
0
0
0
25
23
0
0
0
0
0
0
0
14
0
0
117
111
0
0
0
0
0
0
0
0
0
0
10
0
39
0
0
0
0
0
0
0
64
0
0
0
0
0
35
92
16
0
0
0
0
0
0
0
0
0
57
0
0
0
0
47
0
0
0
0
0
0
0
0
0
0
99
0
0
0
0
40
0
0
0
0
0
0
0
0
0
0
0
0
0
0
0
0
0
0
0
0
0
0
59
0
16
0
0
7
0
0
0
73
0
0
51
0
0
0
0
0
17
0
0
0
0
0
0
0
0
0
95
0
0
0
1
0
0
0
0
68
0
0
77
0
0
22
0
0
28
0
0
0
0
0
0
0
0
0
99
0
0
0
0
0
0
0
0
2
0
0
0
0
0
0
0
0
0
0
0
0
0
39
0
0
0
0
64
0
0
0
0
0
46
0
0
0
0
0
0
0
70
0
0
0
0
0
9
0
0
31
0
0
0
0
129
0
0
0
0
0
13
16
51
0
0
0
0
0
49
0
0
0
0
0
0
0
0
74
0
0
0
0
59
0
0
20
6
0
11
36
30
0
0
0
0
0
82
0
0
42
44
0
0
0
0
67
18
0
0
0
27
0
5
0
0
0
10
0
0
7
0
0
0
9
9
0
0
20
0
0
0
0
0
0
0
0
11
0
73
0
0
0
0
6
20
0
0
0
0
0
0
0
0
0
0
25
0
0
0
0
0
0
0
26
0
0
116
0
0
0
0
0
32
0
0
142
0
0
0
0
0
0
0
27
0
0
0
21
0
0
0
0
9
0
166
0
0
0
0
0
0
0
14
72
0
0
19
0
0
0
0
69
0
0
0
0
0
16
0
0
0
0
141
0
0
0
0
0
0
0
0
20
0
0
0
0
0
0
0
0
0
0
0
0
0
0
0
0
0
0
150
0
0
0
0
0
0
0
0
25
0
0
0
18
0
0
0
13
0
0
0
0
0
38
0
0
0
0
122
11
0
0
0
0
0
0
0
0
0
0
0
0
0
15
0
0
0
42
0
0
0
2
0
0
24
0
86
0
0
0
0
0
0
0
0
0
0
0
0
12
0
0
0
0
0
0
0
0
0
0
0
0
0
0
66
0
0
0
0
0
0
13
0
0
0
72
0
0
0
15
0
0
0
0
0
0
0
0
0
0
0
0
114
0
0
0
0
11
0
0
0
0
0
0
0
21
0
0
6
41
0
0
0
0
0
15
3
0
0
0
122
0
0
0
0
0
0
0
0
0
14
56
0
0
0
0
117
80
0
0
0
0
0
0
3
0
0
0
148
0
0
0
0
0
0
0
0
0
0
0
0
0
0
0
53
0
0
27
0
0
0
0
43
0
0
0
96
0
0
0
0
0
0
0
0
0
0
0
0
0
0
0
70
0
0
0
0
0
0
0
0
0
0
0
126
0
0
0
0
0
0
0
0
0
0
2
0
0
1
0
0
0
0
0
0
0
0
0
0
0
0
0
150
0
0
0
6
0
0
0
0
0
0
0
0
8
0
0
0
26
0
0
0
0
0
0
0
0
0
0
47
0
0
0
0
0
0
0
0
0
0
0
0
19
0
0
0
13
0
0
0
17
0
0
0
0
0
0
90
0
0
0
0
24
0
0
0
0
0
0
67
0
0
0
0
0
0
50
0
32
0
0
0
23
0
0
74
0
0
0
0
0
0
0
0
0
0
0
29
0
0
0
0
0
0
4
0
0
0
0
0
0
0
0
114
0
0
0
0
0
0
0
0
0
0
7
2
0
0
0
0
0
0
21
0
0
0
0
0
0
0
0
124
0
0
28
0
0
0
0
0
0
0
53
0
0
44
0
0
0
0
2
0
0
0
0
55
0
0
0
98
0
3
19
0
0
0
0
0
0
0
0
0
0
37
0
0
0
0
0
0
0
0
24
1
0
0
0
53
0
0
0
0
6
0
0
0
0
0
0
0
0
7
15
0
0
0
0
0
0
0
12
0
0
56
0
56
0
0
0
0
0
0
0
0
0
0
0
0
0
0
10
0
72
0
0
26
0
0
0
0
74
0
0
87
0
0
0
0
0
30
0
0
3
0
0
38
0
0
8
0
0
0
0
0
0
0
0
0
14
0
0
88
0
0
0
0
0
0
0
23
0
0
0
50
0
0
0
0
0
0
0
11
0
0
0
0
0
0
0
115
0
0
0
0
0
0
0
0
9
0
0
104
0
0
0
0
0
0
0
0
0
0
0
0
0
0
0
109
0
0
0
0
0
0
0
0
0
0
5
35
0
0
0
0
0
0
0
16
68
0
0
0
0
0
0
55
21
30
0
20
32
0
0
0
0
0
19
93
0
0
0
0
88
13
0
46
59
0
0
1
12
47
0
