87
154
195
96
97
130
106
65
154
124
81
111
67
83
67
112
86
149
100
52
90
36
35
44
44
79
51
17
0
33
208
73
130
73
187
202
96
20
113
113
82
161
192
119
197
60
167
73
107
103
146
13
77
255
85
108
30
143
99
200
87
60
104
119
57
30
132
151
127
197
134
94
97
46
182
105
159
163
200
175
198
149
108
76
0
102
60
217
143
157
175
72
159
175
56
107
161
162
53
182
39
94
57
114
100
85
43
126
204
132
151
168
19
122
135
94
68
53
51
82
59
59
131
0
152
158
218
255
151
151
59
156
130
158
219
125
98
155
105
119
141
143
102
150
114
231
91
110
211
71
12
58
198
151
204
183
139
64
184
43
64
155
66
65
78
2
85
112
9
101
138
139
179
140
84
140
93
97
7
125
58
130
128
164
178
188
207
89
120
129
155
243
126
134
100
121
57
157
147
74
230
76
179
248
94
105
121
28
0
82
129
146
17
148
34
112
107
83
42
103
70
153
98
100
29
119
100
131
189
21
238
109
130
147
152
106
130
86
132
138
77
120
104
87
68
146
102
37
147
28
11
121
0
90
113
158
71
52
120
133
245
201
135
165
91
58
108
195
186
73
188
156
171
64
138
68
89
55
137
118
12
53
124
210
144
108
120
72
122
0
175
133
226
162
69
144
127
140
134
129
14
71
60
94
87
99
89
68
122
142
197
91
100
67
85
69
108
66
169
93
61
157
11
23
197
139
195
139
95
64
155
69
98
93
160
112
7
162
66
153
135
205
132
92
0
134
79
46
194
255
198
79
119
128
103
175
75
54
127
84
60
54
180
108
57
159
160
125
213
94
96
22
15
156
93
45
105
198
129
52
47
120
143
120
102
124
128
120
65
23
108
107
35
99
34
166
197
187
163
72
204
73
88
23
100
210
118
169
223
203
180
148
127
154
181
211
131
163
119
144
58
117
193
201
149
174
203
95
83
186
164
137
161
203
53
212
147
84
86
103
102
58
107
222
183
108
74
110
2
166
65
128
113
187
109
143
148
186
71
147
118
80
213
65
126
150
134
197
102
128
140
158
173
58
130
138
0
159
22
111
154
251
72
121
82
72
27
54
89
174
199
131
156
132
175
210
227
128
109
169
133
159
0
80
78
63
136
69
100
212
89
160
98
103
182
108
74
206
62
223
19
89
87
70
128
17
117
73
120
115
91
80
128
93
194
114
171
102
229
152
137
100
110
53
75
87
88
169
38
81
78
60
35
156
166
105
150
140
101
55
20
180
100
74
67
76
74
114
118
156
0
0
213
41
178
164
240
87
73
48
0
82
183
138
112
129
165
110
0
138
60
88
192
160
122
11
194
206
60
160
190
26
100
127
211
90
110
145
107
80
142
200
74
135
162
88
24
125
179
136
73
77
130
190
242
98
121
127
48
220
121
60
201
142
164
46
116
121
121
124
225
143
166
152
74
113
125
35
91
146
193
159
226
38
62
94
191
217
145
220
60
95
126
106
73
70
170
173
152
76
68
95
9
105
184
240
206
177
144
113
185
255
199
89
156
40
94
221
133
208
213
70
43
47
162
147
137
81
204
148
0
48
143
101
157
168
107
174
131
202
167
79
110
171
160
149
255
177
120
126
186
151
67
65
190
131
128
107
0
87
53
34
114
161
164
219
89
124
156
151
235
217
89
83
144
129
34
144
113
124
138
179
113
89
176
164
0
28
0
5
38
0
61
0
15
68
4
0
0
0
50
59
0
15
54
13
0
63
52
28
0
0
46
99
55
76
106
69
125
116
86
200
60
139
70
136
106
125
141
127
175
162
111
127
30
69
134
167
203
139
67
39
51
141
189
166
133
54
168
160
58
57
151
63
93
99
69
15
209
173
144
152
28
153
176
213
235
221
193
113
16
15
37
161
79
41
179
165
174
144
171
93
79
182
108
87
164
185
208
124
188
138
106
148
97
183
211
107
107
165
162
235
111
40
122
203
131
135
0
174
206
179
137
105
113
50
144
134
194
81
26
101
195
191
133
165
4
127
102
40
32
101
28
109
68
216
106
151
145
109
32
224
152
168
136
207
139
105
133
180
252
150
124
131
63
133
190
114
189
122
95
138
135
104
63
66
65
186
126
112
63
90
71
90
80
149
109
75
0
86
159
106
44
158
110
67
125
36
147
26
128
49
153
184
168
61
146
115
113
194
243
96
157
160
125
78
136
171
82
85
0
169
149
139
143
86
139
180
191
139
34
96
89
81
122
66
24
69
157
104
83
234
38
121
153
234
50
86
64
153
101
204
222
158
98
131
231
51
56
153
96
236
78
97
41
170
30
154
63
36
91
77
150
163
139
76
62
24
59
161
174
108
135
101
238
173
184
74
150
90
184
141
147
135
143
111
228
124
161
74
68
158
151
119
0
118
140
72
60
125
183
190
150
130
116
102
109
59
93
142
149
134
163
201
179
79
90
1
117
198
108
141
0
170
58
185
129
193
145
156
178
79
149
163
145
73
87
1
119
148
91
217
137
47
83
188
123
105
39
140
116
0
66
189
190
155
115
227
172
230
230
178
158
178
69
102
84
79
38
73
54
124
129
23
90
81
131
178
56
101
89
147
2
172
99
78
82
98
93
89
64
210
193
168
134
77
111
156
107
238
173
73
68
189
166
142
18
190
133
69
112
163
178
113
173
101
200
190
126
202
172
95
183
169
174
87
45
166
166
173
102
114
252
163
0
39
182
87
168
93
119
220
121
153
187
0
125
130
82
154
176
170
104
20
164
118
200
143
84
51
229
142
14
180
81
191
67
129
138
181
96
110
180
86
219
101
127
161
82
185
139
149
148
128
77
99
155
73
84
105
130
164
102
172
106
162
133
10
65
135
98
206
43
68
223
140
98
186
199
154
57
57
105
150
201
199
148
148
4
110
130
162
126
201
186
105
55
200
91
137
109
216
169
59
68
101
144
226
106
151
187
159
87
23
131
61
14
18
220
64
196
187
107
178
190
195
122
87
76
133
77
36
190
27
208
122
121
105
94
187
165
126
147
170
0
43
169
122
82
195
160
82
218
139
148
73
63
178
137
173
64
135
197
129
152
149
74
167
139
171
94
89
47
80
56
123
141
15
236
64
140
169
255
188
182
201
78
222
42
153
119
86
255
132
111
78
152
97
95
117
68
133
102
213
182
20
103
114
21
105
167
133
121
65
197
76
166
118
152
128
126
59
47
98
20
28
94
76
6
216
116
157
0
144
79
65
85
65
94
82
37
92
209
66
174
113
0
188
152
182
194
172
212
118
203
59
130
208
90
152
52
168
89
110
184
32
208
152
1
190
49
184
161
115
101
223
122
98
94
65
80
219
108
87
53
82
51
34
102
104
38
146
113
117
111
140
2
92
86
69
156
93
170
99
83
111
139
98
137
151
86
96
20
150
196
171
128
111
2
73
70
122
175
175
180
80
32
109
65
82
138
139
127
136
42
44
167
125
91
133
0
51
21
0
14
14
0
0
4
38
41
6
45
0
0
74
38
0
0
23
37
67
0
0
5
73
16
47
67
89
134
67
81
72
56
36
97
155
131
76
38
112
41
123
11
99
162
62
145
152
169
178
51
69
99
70
121
224
66
57
99
131
94
108
164
205
252
158
201
40
149
113
141
77
175
30
83
60
148
69
139
63
213
167
106
255
77
246
143
126
25
128
5
0
90
183
114
79
136
141
148
77
134
200
206
99
199
160
174
88
28
98
58
102
255
218
204
111
93
227
50
109
159
139
116
232
184
103
90
93
171
205
155
95
111
161
158
146
126
130
32
225
194
170
86
161
134
161
50
125
180
63
140
131
183
208
154
111
75
131
54
133
64
154
175
194
170
106
48
232
176
99
149
145
227
117
144
36
191
149
143
102
149
136
159
0
155
80
141
158
112
32
86
165
127
135
0
78
115
170
225
136
44
196
153
58
98
221
182
71
178
123
187
110
142
77
152
96
80
38
74
114
28
147
27
180
177
162
101
110
103
177
121
130
160
68
173
157
174
190
135
211
87
172
148
184
129
199
229
101
55
117
99
39
137
84
147
178
246
10
56
158
121
130
142
171
49
11
179
191
101
125
219
205
129
181
112
117
189
105
109
140
146
133
101
79
80
152
202
201
83
67
71
23
97
81
57
0
144
100
160
71
70
40
178
220
134
99
0
165
183
168
163
166
138
104
113
72
0
22
106
119
85
45
19
95
245
190
124
165
182
46
77
123
14
110
36
190
169
148
112
110
154
59
62
102
71
170
76
135
50
127
21
79
6
54
50
190
104
177
93
187
255
137
111
139
138
184
237
128
165
200
234
198
79
58
95
121
103
98
29
139
146
211
170
117
187
145
66
41
127
78
0
127
87
184
112
164
107
197
205
59
184
43
130
109
168
32
172
201
133
111
139
111
187
120
141
167
163
157
16
226
108
74
117
255
119
150
136
212
162
123
130
109
209
111
148
13
87
58
154
212
67
116
147
51
93
71
4
204
194
100
190
126
153
79
117
184
48
95
134
31
43
212
76
42
208
76
137
147
217
247
210
174
116
155
66
61
156
141
149
118
200
195
186
139
171
159
0
152
94
202
151
96
148
85
6
64
203
145
43
76
113
107
131
55
47
168
80
175
187
238
165
81
175
119
0
180
135
153
87
163
27
91
100
77
70
170
179
99
156
144
41
234
197
161
104
82
138
121
80
224
176
17
174
87
202
144
95
136
151
6
229
49
42
196
164
118
86
126
5
186
161
21
201
154
124
169
67
159
125
47
80
62
63
155
209
130
115
122
82
72
78
91
0
91
109
87
18
69
0
63
72
181
88
123
192
172
145
59
40
34
124
62
199
142
0
122
102
84
157
0
52
180
168
138
57
196
120
148
73
0
197
61
181
184
89
138
235
94
94
98
195
202
163
104
124
94
152
48
118
117
92
121
21
188
122
147
216
116
95
164
37
106
82
138
154
84
0
57
102
86
166
166
67
202
82
108
186
11
132
174
111
176
80
160
121
64
0
48
132
88
93
39
78
137
119
140
119
97
251
191
214
186
141
167
249
40
86
140
75
80
81
166
63
193
159
92
96
80
122
125
91
208
182
166
15
109
95
61
38
130
159
214
107
134
177
139
7
189
202
143
205
196
166
171
0
126
104
180
80
145
237
34
105
219
100
97
170
120
130
108
66
61
171
92
56
206
146
128
137
155
192
227
125
110
189
112
118
233
169
55
170
51
61
61
92
94
87
171
106
134
137
149
0
0
0
41
0
0
70
50
61
0
24
0
0
71
21
84
63
0
14
80
0
0
84
52
0
0
0
69
