# (3, 3, 1, 16)
1.015625000000000000e-01
3.046875000000000000e-01
-3.593750000000000000e-01
-3.046875000000000000e-01
2.031250000000000000e-01
1.718750000000000000e-01
3.281250000000000000e-01
2.656250000000000000e-01
-6.484375000000000000e-01
2.968750000000000000e-01
-4.453125000000000000e-01
1.328125000000000000e-01
4.531250000000000000e-01
3.984375000000000000e-01
2.656250000000000000e-01
1.875000000000000000e-01
3.046875000000000000e-01
-2.343750000000000000e-02
-6.171875000000000000e-01
9.375000000000000000e-02
3.828125000000000000e-01
2.421875000000000000e-01
-4.687500000000000000e-02
2.734375000000000000e-01
-2.968750000000000000e-01
-3.125000000000000000e-02
-5.546875000000000000e-01
2.109375000000000000e-01
7.031250000000000000e-02
2.656250000000000000e-01
1.562500000000000000e-01
4.609375000000000000e-01
-8.593750000000000000e-02
-3.671875000000000000e-01
-4.140625000000000000e-01
3.125000000000000000e-01
4.218750000000000000e-01
2.578125000000000000e-01
-2.656250000000000000e-01
-2.421875000000000000e-01
1.875000000000000000e-01
2.343750000000000000e-02
-2.500000000000000000e-01
2.187500000000000000e-01
-5.234375000000000000e-01
2.500000000000000000e-01
3.750000000000000000e-01
2.500000000000000000e-01
4.687500000000000000e-01
3.203125000000000000e-01
2.031250000000000000e-01
-5.468750000000000000e-02
4.375000000000000000e-01
1.250000000000000000e-01
1.484375000000000000e-01
3.593750000000000000e-01
-5.625000000000000000e-01
3.906250000000000000e-01
-4.687500000000000000e-02
2.734375000000000000e-01
1.875000000000000000e-01
-5.468750000000000000e-02
1.796875000000000000e-01
-4.140625000000000000e-01
1.328125000000000000e-01
-1.484375000000000000e-01
1.406250000000000000e-01
7.812500000000000000e-02
-7.812500000000000000e-02
1.562500000000000000e-01
1.328125000000000000e-01
8.593750000000000000e-02
1.093750000000000000e-01
-2.421875000000000000e-01
3.046875000000000000e-01
2.343750000000000000e-01
4.140625000000000000e-01
2.031250000000000000e-01
2.421875000000000000e-01
5.468750000000000000e-02
1.640625000000000000e-01
-2.890625000000000000e-01
3.906250000000000000e-02
2.968750000000000000e-01
-1.250000000000000000e-01
3.281250000000000000e-01
8.593750000000000000e-02
-4.765625000000000000e-01
4.218750000000000000e-01
-3.125000000000000000e-01
2.734375000000000000e-01
1.093750000000000000e-01
1.953125000000000000e-01
3.046875000000000000e-01
-7.031250000000000000e-02
4.531250000000000000e-01
1.953125000000000000e-01
4.296875000000000000e-01
2.734375000000000000e-01
2.500000000000000000e-01
-2.578125000000000000e-01
-2.343750000000000000e-02
2.031250000000000000e-01
1.796875000000000000e-01
-1.171875000000000000e-01
2.500000000000000000e-01
4.609375000000000000e-01
1.796875000000000000e-01
-1.562500000000000000e-01
-3.906250000000000000e-01
-5.000000000000000000e-01
-4.375000000000000000e-01
1.328125000000000000e-01
7.031250000000000000e-02
3.281250000000000000e-01
1.953125000000000000e-01
-3.750000000000000000e-01
1.875000000000000000e-01
3.046875000000000000e-01
8.593750000000000000e-02
4.062500000000000000e-01
-4.218750000000000000e-01
2.500000000000000000e-01
2.500000000000000000e-01
2.890625000000000000e-01
-1.796875000000000000e-01
-4.062500000000000000e-01
-4.687500000000000000e-01
-7.812500000000000000e-03
-2.656250000000000000e-01
3.437500000000000000e-01
2.656250000000000000e-01
-2.421875000000000000e-01
1.484375000000000000e-01
3.671875000000000000e-01
-5.703125000000000000e-01
3.203125000000000000e-01
8.593750000000000000e-02
1.328125000000000000e-01
9.375000000000000000e-02
3.046875000000000000e-01
9.375000000000000000e-02
-2.890625000000000000e-01
-1.171875000000000000e-01
