# (24,)
-6.030273437500000000e-02
-1.953125000000000000e-02
-2.493896484375000000e-01
-1.934814453125000000e-01
-8.837890625000000000e-02
-7.568359375000000000e-03
-1.787109375000000000e-01
9.765625000000000000e-03
-2.602539062500000000e-01
5.761718750000000000e-02
2.832031250000000000e-02
4.296875000000000000e-02
-2.679443359375000000e-01
-6.628417968750000000e-02
1.843261718750000000e-02
-7.165527343750000000e-02
-1.568603515625000000e-01
-1.245117187500000000e-02
-1.232910156250000000e-01
-6.665039062500000000e-02
-1.384277343750000000e-01
1.220703125000000000e-02
5.285644531250000000e-02
4.028320312500000000e-02
