# (32,)
-2.307128906250000000e-02
3.942871093750000000e-02
-2.990722656250000000e-02
4.382324218750000000e-02
1.325683593750000000e-01
-5.493164062500000000e-02
2.185058593750000000e-02
-5.615234375000000000e-03
0.000000000000000000e+00
7.299804687500000000e-02
3.039550781250000000e-02
1.586914062500000000e-02
7.043457031250000000e-02
1.152343750000000000e-01
3.247070312500000000e-02
5.212402343750000000e-02
4.187011718750000000e-02
9.912109375000000000e-02
7.299804687500000000e-02
-8.300781250000000000e-03
-1.220703125000000000e-02
-6.103515625000000000e-03
9.521484375000000000e-03
9.643554687500000000e-02
-8.789062500000000000e-03
-6.848144531250000000e-02
5.798339843750000000e-02
-4.516601562500000000e-03
6.689453125000000000e-02
1.007080078125000000e-01
2.331542968750000000e-02
4.162597656250000000e-02
