# (3, 3, 1, 16)
1.628139168024063110e-01
1.553236603736877441e+00
-7.220408916473388672e-01
-8.943358808755874634e-02
-1.213681101799011230e+00
-4.119063913822174072e-01
-2.979926168918609619e-01
-1.337988257408142090e+00
7.577639818191528320e-01
1.567970514297485352e+00
1.318030118942260742e+00
-5.262543633580207825e-02
-3.451054096221923828e-01
1.176017522811889648e+00
-8.385993242263793945e-01
-2.267108708620071411e-01
-3.170341551303863525e-01
-4.307789206504821777e-01
1.240096688270568848e-01
-1.116447150707244873e-01
1.635959625244140625e+00
7.136347889900207520e-01
1.117144748568534851e-01
3.332714140415191650e-01
1.107408881187438965e+00
7.813514471054077148e-01
1.215601682662963867e+00
2.053273677825927734e+00
-5.091239213943481445e-01
3.925291001796722412e-01
-1.354696154594421387e+00
-1.427825093269348145e+00
-3.069339275360107422e+00
-1.494804024696350098e+00
5.425446629524230957e-01
-4.309444129467010498e-01
1.878444790840148926e+00
4.364849328994750977e-01
2.179807901382446289e+00
2.054552733898162842e-01
1.481336593627929688e+00
-3.199603080749511719e+00
8.603435158729553223e-01
2.274133443832397461e+00
9.284397959709167480e-01
-9.989582896232604980e-01
-2.706362009048461914e-01
-2.359804391860961914e+00
-4.282026290893554688e-01
-3.281619548797607422e+00
1.046200752258300781e+00
-4.383530914783477783e-01
1.536559581756591797e+00
-2.013734541833400726e-02
-2.261379957199096680e+00
1.100418567657470703e+00
6.155412793159484863e-01
1.243475914001464844e+00
4.870471358299255371e-01
-1.919977903366088867e+00
1.362492680549621582e+00
1.349287390708923340e+00
-1.215189456939697266e+00
1.602861046791076660e+00
-5.276462435722351074e-01
-1.654106140136718750e+00
6.993378400802612305e-01
9.868145920336246490e-03
5.735919475555419922e-01
2.554687857627868652e-01
-3.497111082077026367e+00
1.186626911163330078e+00
4.290196001529693604e-01
2.848835289478302002e-01
-6.326998472213745117e-01
-5.835767984390258789e-01
-5.112662792205810547e+00
3.503930568695068359e-01
8.209361135959625244e-02
1.259986758232116699e+00
1.845626682043075562e-01
-7.807902693748474121e-01
1.288409233093261719e+00
-5.964111089706420898e-01
-9.047737717628479004e-01
3.775978088378906250e-01
-2.611588239669799805e+00
1.844519525766372681e-01
-1.117060422897338867e+00
-7.519096732139587402e-01
-1.171015501022338867e+00
-6.230950728058815002e-02
3.034336805343627930e+00
-1.614509224891662598e+00
8.540636301040649414e-01
-3.195909410715103149e-02
1.318203091621398926e+00
1.920739263296127319e-01
-1.633278369903564453e+00
-9.232197403907775879e-01
-3.619598448276519775e-01
8.151749968528747559e-01
2.724977016448974609e+00
2.568709611892700195e+00
-1.471817016601562500e+00
-1.673478335142135620e-01
-4.419800266623497009e-02
-1.279786109924316406e+00
3.578719139099121094e+00
4.668481647968292236e-01
-1.819772124290466309e+00
4.809373915195465088e-01
2.164477586746215820e+00
1.659550309181213379e+00
-6.321047544479370117e-01
-2.864004075527191162e-01
-2.141853570938110352e+00
6.026564836502075195e-01
1.761861324310302734e+00
-1.383018374443054199e+00
-1.359797239303588867e+00
1.066516160964965820e+00
-1.503883302211761475e-01
-1.530583262443542480e+00
-3.776549100875854492e+00
-1.539617180824279785e+00
3.499498367309570312e-01
1.278717517852783203e+00
5.505795478820800781e-01
2.070158243179321289e+00
1.131426930427551270e+00
2.435349673032760620e-02
-1.229510068893432617e+00
3.721607625484466553e-01
-7.922309637069702148e-01
-1.694901347160339355e+00
-1.243071198463439941e+00
-7.920050621032714844e-01
-1.414471149444580078e+00
-8.833305835723876953e-01
-2.258050814270973206e-02
-8.851264715194702148e-01
1.722483277320861816e+00
4.590256214141845703e-01
