# (32,)
3.896337151527404785e-01
-3.977503776550292969e-01
3.947636485099792480e-02
-8.111301064491271973e-02
-8.370521664619445801e-02
-1.770382821559906006e-01
2.886790335178375244e-01
-4.945906996726989746e-02
8.267825841903686523e-02
1.794221103191375732e-01
4.669818282127380371e-01
-1.125200390815734863e-01
5.973649024963378906e-02
-8.405768871307373047e-02
-1.455391645431518555e-01
1.688784360885620117e-02
1.645237803459167480e-01
-5.689346790313720703e-02
9.345650672912597656e-03
2.797701954841613770e-01
-2.433746010065078735e-01
1.691243052482604980e-02
2.819132208824157715e-01
-6.342059373855590820e-02
-2.367681860923767090e-01
1.737349331378936768e-01
1.097405254840850830e-01
-8.064043521881103516e-02
3.424569666385650635e-01
4.138085246086120605e-02
-2.214425355195999146e-01
-2.075590044260025024e-01
