# (32,)
1.153710111975669861e-02
-1.077507250010967255e-02
-6.711418740451335907e-03
-1.909930631518363953e-02
-2.115119248628616333e-02
1.037946492433547974e-01
-5.929930135607719421e-02
3.702511638402938843e-02
-7.263734471052885056e-03
-3.912113606929779053e-02
1.330052269622683525e-03
-2.432658523321151733e-02
4.189544543623924255e-02
3.543112194165587425e-03
3.652812540531158447e-02
-1.921061542816460133e-03
-3.846595296636223793e-03
3.349080309271812439e-02
-1.523654535412788391e-02
5.031239613890647888e-02
-1.068766135722398758e-02
-2.029444149229675531e-04
-7.998409681022167206e-03
-2.373122796416282654e-02
-1.545110903680324554e-02
-6.672721356153488159e-03
8.248781785368919373e-03
-1.741092279553413391e-02
2.080337377265095711e-03
-1.764501817524433136e-02
1.067632436752319336e-01
-1.561410259455442429e-02
