# (32, 10)
-1.557034254074096680e-01
-1.000712737441062927e-01
-2.664371393620967865e-02
1.234392598271369934e-01
-4.825293272733688354e-02
1.390815079212188721e-01
1.263887137174606323e-01
-2.977177686989307404e-02
1.087414771318435669e-01
6.784350425004959106e-02
-7.746151834726333618e-02
4.885295778512954712e-02
9.091064333915710449e-02
-2.156605385243892670e-02
-7.948908209800720215e-02
1.686370819807052612e-01
1.035641506314277649e-01
-1.488597244024276733e-01
4.417699575424194336e-02
-5.628766492009162903e-03
1.866327039897441864e-02
3.499197214841842651e-02
-8.798573166131973267e-02
1.036777570843696594e-01
7.508201152086257935e-02
-5.350799113512039185e-02
3.561851009726524353e-02
-1.091476529836654663e-01
5.537877604365348816e-02
1.283594369888305664e-01
-1.656904816627502441e-02
-8.004987984895706177e-02
-9.477095305919647217e-02
1.312927156686782837e-01
2.979139238595962524e-02
3.345100209116935730e-02
-1.289559993892908096e-02
-1.643579304218292236e-01
-1.148872226476669312e-01
5.458348616957664490e-02
-4.888678342103958130e-02
6.936357915401458740e-02
1.021892856806516647e-02
-3.432408347725868225e-02
1.622730195522308350e-01
1.190410554409027100e-01
-1.397760957479476929e-01
1.459666993468999863e-02
1.561283320188522339e-01
8.129141479730606079e-02
6.128000468015670776e-02
1.286558508872985840e-01
-4.836713895201683044e-03
1.627727150917053223e-01
-5.878809094429016113e-02
7.041343022137880325e-03
1.449122875928878784e-01
6.691870838403701782e-02
-2.561521530151367188e-02
9.638938307762145996e-02
-2.135131657123565674e-01
-4.018445014953613281e-01
-3.424813151359558105e-01
-1.500997543334960938e-01
5.736406892538070679e-02
1.218138486146926880e-01
1.106049716472625732e-01
-3.714058399200439453e-01
1.248031631112098694e-01
6.476674228906631470e-02
2.139795385301113129e-02
8.600050350651144981e-04
-2.670545689761638641e-02
4.773020744323730469e-02
-8.416540920734405518e-02
3.922180458903312683e-02
-1.332508921623229980e-01
-3.003183193504810333e-02
-1.321532726287841797e-01
-1.292462497949600220e-01
-3.041379153728485107e-01
1.468677371740341187e-01
1.105208322405815125e-01
-1.753520220518112183e-01
1.361203938722610474e-01
-2.843889594078063965e-01
-2.733582556247711182e-01
1.075718402862548828e-01
1.104273498058319092e-01
-1.404227912425994873e-01
1.467681378126144409e-01
-2.189064621925354004e-01
1.179861947894096375e-01
-6.271926313638687134e-02
9.797360748052597046e-02
-1.995231360197067261e-01
-1.862714737653732300e-01
1.264945566654205322e-01
1.577920746058225632e-03
1.409564465284347534e-01
-2.228656858205795288e-01
2.246595770120620728e-01
-1.126759350299835205e-01
-2.649053037166595459e-01
2.009868472814559937e-01
-1.639213711023330688e-01
1.916880160570144653e-01
1.771093755960464478e-01
-1.813760548830032349e-01
-1.018584817647933960e-01
-1.574077606201171875e-01
-6.747983396053314209e-02
4.422276094555854797e-02
-1.898673735558986664e-02
-7.101048249751329422e-03
1.403349637985229492e-01
1.010658964514732361e-01
-4.278605431318283081e-02
5.435268953442573547e-02
1.249439492821693420e-01
-3.667244911193847656e-01
1.983142793178558350e-01
2.073801457881927490e-01
2.333468645811080933e-01
-2.570193111896514893e-01
2.096734941005706787e-01
-1.026767268776893616e-01
6.109287962317466736e-02
-6.313692778348922729e-02
-1.774114221334457397e-01
-2.619918882846832275e-01
-1.262840032577514648e-01
1.982269287109375000e-01
2.110138237476348877e-01
-2.248882204294204712e-01
-5.731784552335739136e-02
1.588235646486282349e-01
1.824955493211746216e-01
-1.592799574136734009e-01
-2.393235564231872559e-01
9.530866891145706177e-02
-4.169416129589080811e-01
-1.192815005779266357e-01
9.458052366971969604e-02
-3.263888955116271973e-01
8.201966434717178345e-02
9.726110845804214478e-02
6.116508319973945618e-02
-2.324819564819335938e-01
-2.110841870307922363e-01
-1.145085394382476807e-01
3.567991405725479126e-02
-3.016341477632522583e-02
5.799580365419387817e-02
-6.521194428205490112e-02
-5.825630575418472290e-02
1.372017115354537964e-01
-2.386639267206192017e-02
3.240845724940299988e-02
7.284194231033325195e-02
-2.641819119453430176e-01
-1.859197914600372314e-01
1.085186004638671875e-01
1.139735057950019836e-01
-1.827595531940460205e-01
-1.877743005752563477e-01
-6.535764336585998535e-01
1.065131053328514099e-01
9.756329655647277832e-02
6.673250347375869751e-02
-1.366475969552993774e-01
1.407387405633926392e-01
-1.152063757181167603e-01
-1.737600415945053101e-01
-9.723365306854248047e-02
-9.089467674493789673e-02
1.343378126621246338e-01
1.077736094594001770e-01
-3.947333991527557373e-02
-1.514437347650527954e-01
1.219957247376441956e-01
-7.119545340538024902e-02
5.778020992875099182e-02
-2.485105022788047791e-02
-1.249283105134963989e-01
-2.149397321045398712e-02
-3.588009998202323914e-02
-1.165564171969890594e-02
-4.679157584905624390e-02
1.434899717569351196e-01
-1.441310793161392212e-01
2.964404784142971039e-02
7.116284966468811035e-02
4.734749346971511841e-02
-3.066654503345489502e-02
2.809948474168777466e-02
1.487268954515457153e-01
1.669354140758514404e-01
-1.213962808251380920e-01
-9.000413119792938232e-02
1.649780757725238800e-02
-2.914710436016321182e-03
-1.143205985426902771e-01
9.178536385297775269e-02
-1.821249723434448242e-02
-1.270712912082672119e-01
-8.493623137474060059e-02
-1.409446150064468384e-01
-9.644480049610137939e-02
-7.357785105705261230e-02
-3.796131908893585205e-01
-1.561061292886734009e-01
-1.176618635654449463e-01
-1.418255716562271118e-01
2.000757902860641479e-01
1.746633946895599365e-01
-2.933286726474761963e-01
1.885633915662765503e-01
-8.992148935794830322e-02
1.844064593315124512e-01
2.182500809431076050e-01
-1.649724245071411133e-01
1.925811767578125000e-01
-2.828802466392517090e-01
1.983223110437393188e-01
-4.116821289062500000e-01
-5.744204670190811157e-02
-8.570642210543155670e-03
-9.287132322788238525e-02
-8.805227279663085938e-02
-3.280166909098625183e-02
1.171871274709701538e-01
1.414364110678434372e-02
4.299683496356010437e-02
2.951947785913944244e-02
-6.007547955960035324e-03
-5.322355777025222778e-02
8.109664171934127808e-02
-6.426920183002948761e-03
-1.648064553737640381e-01
-8.619656413793563843e-02
-1.529709249734878540e-01
2.953621745109558105e-02
3.362761577591300011e-03
-3.289660438895225525e-02
1.662151515483856201e-01
-1.333746314048767090e-01
-2.326509356498718262e-02
-6.935722380876541138e-02
-1.640587002038955688e-01
1.095927283167839050e-01
-2.200773954391479492e-01
-1.905665546655654907e-01
-9.417445957660675049e-02
-2.108664214611053467e-01
1.241959854960441589e-01
1.306338608264923096e-01
-4.656041860580444336e-01
1.270944625139236450e-01
-1.472458988428115845e-01
2.222074270248413086e-01
2.237824201583862305e-01
-1.010889858007431030e-01
-8.359148353338241577e-02
2.913097478449344635e-02
-2.029371708631515503e-01
-1.934293508529663086e-01
2.158681750297546387e-01
-1.087267845869064331e-01
1.970141828060150146e-01
-1.314056068658828735e-01
-2.120344787836074829e-01
-1.165683716535568237e-01
1.789358556270599365e-01
1.692984253168106079e-01
1.817778050899505615e-01
-3.420740365982055664e-02
-1.526190489530563354e-01
-8.742810785770416260e-02
1.608798652887344360e-02
-1.838924437761306763e-01
-2.439794242382049561e-01
-7.626383006572723389e-02
-4.502797871828079224e-02
-5.068063735961914062e-02
1.268381774425506592e-01
-2.252802848815917969e-01
1.106180250644683838e-01
-9.933581203222274780e-02
1.050623655319213867e-01
1.324727237224578857e-01
-4.237824976444244385e-01
1.107951328158378601e-01
-2.070206701755523682e-01
-2.458162903785705566e-01
-2.008097469806671143e-01
9.012547135353088379e-02
7.013465464115142822e-02
9.512685239315032959e-02
-2.148680239915847778e-01
-1.083355695009231567e-01
2.224796116352081299e-01
2.066930979490280151e-01
-1.212260127067565918e-01
-3.703522682189941406e-02
-3.871951997280120850e-02
2.132826298475265503e-01
-7.907972484827041626e-02
-5.563388764858245850e-02
-4.527092874050140381e-01
-5.266604572534561157e-02
-2.304466515779495239e-01
1.355062723159790039e-01
-3.790340423583984375e-01
1.636026352643966675e-01
-1.122922822833061218e-01
1.934398114681243896e-01
-1.070202663540840149e-01
-1.175290420651435852e-01
1.328001171350479126e-01
