# (3, 3, 16, 24)
-34
70
65
18
100
91
-79
0
-68
-140
-23
-4
-115
-15
-35
17
49
-5
-124
18
-13
-60
-53
-103
-41
-66
-36
30
-33
15
27
4
-22
-14
36
1
-2
35
22
-14
2
-42
12
8
-14
-20
0
-10
-35
-35
-32
10
32
12
-1
3
-22
22
33
7
-23
2
-4
8
-12
-53
-9
-23
-48
-48
13
-49
-83
-60
70
0
-2
-11
21
3
-17
3
12
-29
29
-44
39
-48
-5
-66
-22
-13
77
-10
-28
-112
-73
78
89
-21
88
84
-116
2
-67
-66
-56
-8
-118
15
-49
-29
-11
4
-90
-10
52
-12
-25
-157
-76
-62
3
4
0
-19
26
29
6
24
47
-10
23
-35
18
-27
-18
-56
-1
-26
-32
-55
-38
-28
-82
-70
17
44
54
18
24
36
-4
19
-14
-6
13
-17
-11
18
-3
-6
-45
-3
-6
-50
-51
-55
-3
-87
56
-3
-66
22
18
109
0
22
44
-12
-29
52
61
19
39
-50
-138
-76
8
14
-20
-68
70
-40
38
7
-17
29
-45
43
21
-7
44
-56
-85
108
6
15
2
-21
30
-63
-68
-20
-47
-79
-48
-12
47
52
43
41
7
20
-47
-29
15
0
-29
-18
36
-10
63
-18
-59
-6
-62
-37
-65
-78
-85
-150
25
-27
-30
-19
0
26
39
-20
33
-43
29
-20
29
-32
8
-130
-61
18
-6
-18
8
-76
-102
-44
-17
25
44
20
22
-2
-37
-9
22
-13
4
-29
37
-16
44
-6
6
17
-31
-46
-15
12
127
109
-64
-20
-53
23
-127
36
54
-48
14
-87
-184
114
-20
82
-73
37
21
-89
-19
-13
-25
-106
-44
-94
-34
15
5
-28
-8
42
-38
-3
4
-30
29
11
44
26
-28
-63
-29
-33
-44
-8
-10
-67
-82
-62
-14
34
-1
22
26
22
-3
-20
11
-28
36
12
33
-25
6
-53
-26
-18
-20
-53
-13
2
-88
-151
29
-62
-38
-55
43
75
25
43
-35
6
-15
-80
91
-57
12
-98
-169
-3
2
5
10
38
48
127
29
-24
36
-3
-95
43
71
-77
-65
-25
-9
33
-21
-5
-50
-65
-79
-28
22
-71
-194
-211
-49
-28
-6
31
-11
30
15
24
-25
-47
3
28
10
28
-57
1
9
-5
55
50
-24
-20
-21
-1
-86
5
-67
-7
39
32
-5
3
-5
-27
26
31
6
6
-34
-23
-15
0
44
0
-53
1
-39
-22
-22
-16
-16
-13
23
5
22
18
27
-46
-1
-23
46
-41
-13
-21
-43
-25
13
44
31
-39
-75
-29
12
114
16
-58
42
17
-74
-14
76
-30
-36
-47
-10
-23
-32
-31
-81
-54
-23
-55
86
-57
-128
-151
-41
-15
-54
23
16
16
6
-8
-33
-47
16
42
-14
-9
-46
13
29
-21
28
33
-49
-61
-22
-16
-66
5
-1
-13
18
35
21
48
16
-33
11
-29
29
-24
-1
-27
0
-33
-21
15
-10
-75
-24
-49
50
59
-39
52
-6
68
43
-20
-5
47
-39
-41
0
-7
31
27
120
-65
-101
54
-13
1
-73
-29
55
66
-4
74
55
50
-14
-22
-14
11
12
-76
-88
127
-48
47
62
32
22
-2
-21
67
-25
-43
-37
41
6
49
24
-14
-11
24
34
-71
15
-26
12
-35
-34
-8
27
-34
-12
-14
-51
-100
-44
-75
-82
-72
-14
42
-19
-12
2
42
5
-14
-2
14
10
-12
9
16
63
-57
23
66
-7
-30
-58
36
-97
20
15
6
30
35
-6
56
16
-26
8
25
-2
-6
10
-2
5
-41
-12
49
-30
-44
-41
-3
127
127
-28
32
-64
63
-53
-45
-52
-1
-3
-108
-111
70
-92
106
9
1
37
-66
43
104
-8
-40
-57
-31
-20
38
10
12
-1
12
-33
-52
20
-20
-23
-1
-43
17
9
-17
3
43
-50
-37
-18
25
-73
-8
-15
-14
-10
47
22
3
-29
-16
10
-6
1
1
-53
-8
-1
9
9
17
-18
-26
6
1
-37
-76
-10
-26
-9
86
31
78
-35
1
-20
-37
47
-67
98
-108
86
-117
-35
93
-22
-118
-104
23
111
79
-90
-99
43
18
-40
19
88
-95
-61
-82
-11
-49
-63
-96
-53
-110
-45
-51
-95
-75
-163
-96
-86
-73
44
-7
50
37
-50
-81
-20
20
-1
29
-18
17
-14
35
-29
9
-7
-51
25
-18
49
37
-62
-35
-23
-26
46
4
0
-27
-16
-24
25
45
-3
34
16
-18
-18
38
30
-5
15
-31
37
-22
37
28
-40
-1
48
9
16
53
-1
-122
-16
27
-30
-21
-50
-68
25
25
13
-7
-53
-78
0
13
66
127
-26
-94
34
12
-28
23
52
-61
-47
-131
-14
-25
-43
-58
-58
-51
-14
4
-1
-90
-139
-11
-2
-82
-3
-45
47
1
-47
-62
-7
-34
40
18
-30
5
5
-11
-54
15
36
-32
15
-46
13
34
20
-22
-33
-25
35
51
-26
32
35
-71
36
28
10
13
-75
-46
-26
-15
47
-23
-57
-42
-33
-23
-5
-21
3
83
-107
-42
50
-9
-26
67
-58
73
-9
-26
-113
23
89
-93
-88
74
3
2
-109
-55
-70
-55
-7
60
15
41
-21
-166
-37
75
48
-60
-48
107
17
107
55
2
-46
-31
61
89
-48
-11
108
-3
-11
-44
1
29
-28
-40
29
-83
-9
23
0
-8
-64
-45
-21
-36
13
-48
-58
-48
-42
-38
-81
-74
15
38
5
24
18
51
23
-47
34
23
-5
-6
-134
-20
22
24
-10
27
-2
-24
-7
14
37
-74
51
-122
45
-10
-70
-99
51
-22
17
21
-30
4
22
-54
-27
42
-10
-64
-4
-17
21
9
4
33
-10
39
-9
58
-91
-145
-108
81
-30
-142
-95
101
31
118
-12
-10
-10
-60
79
120
-61
-51
-50
-46
-8
-9
25
41
-39
-22
-7
-29
53
16
-3
9
-10
-24
-7
0
34
-11
1
7
-8
27
-51
-82
-9
-69
32
55
-26
-64
6
8
56
30
-55
-13
-10
13
-15
35
4
-23
-20
17
30
-3
-38
1
-15
1
-46
-11
-1
127
3
-37
-69
63
-7
-84
-105
-106
45
1
-69
71
-17
-96
-41
19
15
-63
-27
2
5
26
2
93
49
-8
99
-11
-17
71
-29
106
35
-51
-46
-58
34
72
-55
-95
-13
-15
-1
2
-67
-92
-14
-16
-4
10
-28
-42
16
-28
-5
21
-49
31
23
41
8
4
-29
-40
21
-2
-24
4
-106
-37
-16
-49
-18
40
45
-48
36
-12
22
39
-67
-31
34
0
13
30
-5
-15
21
-37
-2
-46
-75
-31
-22
18
8
26
33
-71
16
25
75
2
-26
-72
13
-7
-9
3
-5
-52
13
-58
-21
10
23
20
-31
127
23
-11
77
-59
-100
106
-8
53
4
-32
-49
-106
67
22
-77
-127
22
-5
-30
18
-88
-74
25
-16
10
45
-4
-49
12
27
18
28
-5
0
28
9
24
8
-27
-3
54
3
-82
14
-86
-77
23
62
-10
30
67
-28
15
25
51
28
-60
-27
39
-35
11
40
-3
-53
-9
-46
-30
-98
-58
-85
10
-49
75
76
-25
-43
68
-69
66
-20
-4
-106
-22
-43
-6
-19
-83
-150
84
27
-10
-135
-30
-119
-33
-101
81
66
23
-82
15
21
42
68
-159
-17
7
-50
96
105
-41
-89
4
-53
-46
9
-34
4
18
66
30
14
34
-25
-4
66
-36
66
-3
-57
23
0
7
30
3
-4
48
-14
-75
-75
-108
-115
-30
-2
-3
33
12
-53
16
-16
78
18
-93
-99
29
28
12
32
-80
-26
45
-22
10
25
-80
23
47
-36
5
-8
1
40
20
-11
-76
-19
48
21
-1
48
-59
11
13
59
59
54
27
-128
76
-42
-117
-65
53
-33
-5
4
-57
49
13
78
-153
34
-27
-60
83
88
-65
-86
46
29
-10
5
-47
-66
21
-56
10
41
43
-60
33
6
34
-21
-66
-14
-3
-7
-26
43
-48
-45
6
-1
-44
-11
-90
-103
-22
-31
-6
26
-4
-34
10
1
16
0
-45
-6
7
29
34
21
7
9
55
-113
-25
-99
-71
-135
-16
0
-42
49
-9
7
-53
-57
87
-15
-23
-198
26
8
-48
-21
-4
-7
-7
64
-63
35
26
32
-13
48
-20
-20
26
-52
-19
63
-55
94
25
-64
-26
-8
-24
70
-85
-118
21
34
55
-1
-19
39
-4
-43
-12
-29
16
0
-14
-6
-40
39
20
53
8
51
18
30
19
45
-2
13
23
49
-62
39
6
-67
7
20
-6
-14
-24
18
-64
-8
34
51
42
26
-17
48
30
-11
5
-30
-26
-34
-23
-15
-45
45
-27
17
15
-42
-12
29
-55
48
-2
44
30
26
48
34
7
41
-50
23
-29
-27
28
49
-66
73
-32
34
38
-107
-78
68
-52
88
-13
-46
-27
-36
15
23
-75
-60
22
-16
-3
29
-48
17
25
-42
-34
-8
53
-12
2
-21
-67
12
12
50
3
34
-16
21
44
11
3
3
11
-8
-46
-8
45
-10
-10
-30
55
-10
12
29
-68
17
8
-2
33
-9
24
35
25
32
19
2
-51
56
-35
-53
74
-76
87
21
-30
-5
86
-39
23
-83
127
-88
22
48
-27
-8
-71
2
88
42
43
-17
-39
20
51
-98
80
65
-40
-27
73
44
-48
72
13
0
-41
6
58
65
-7
-23
44
9
-50
70
-1
40
13
-2
-47
-10
24
11
-3
40
-43
65
59
-2
50
-24
-20
18
-23
-24
40
-36
54
-57
-87
-52
41
-27
14
-17
-26
25
-39
-10
-85
-17
-12
34
47
53
30
0
5
34
67
25
30
9
-32
74
66
-88
-69
6
-3
29
-62
-25
50
22
58
1
30
19
-12
10
-15
34
81
68
-32
-67
52
-53
-54
-14
87
-27
-25
-68
-6
-19
-74
73
-43
-12
-56
-65
31
53
-34
-63
44
37
-1
16
-65
1
35
-60
8
-16
12
32
6
-29
-21
22
47
42
-9
37
9
-9
-18
40
3
-5
16
7
-38
18
25
-39
-27
6
42
25
-18
-24
-79
-3
18
7
29
22
29
9
22
50
21
-55
14
-91
-65
-49
-7
29
-11
2
-40
-9
-60
-72
106
-86
70
-19
48
76
-85
-38
28
68
-83
-3
-5
-28
73
44
-118
-114
-2
9
10
-67
-16
50
-7
95
-57
-32
-31
-104
70
39
-77
-47
-14
14
49
28
-55
-12
-12
-25
-12
40
-18
32
15
-44
90
-14
-2
19
20
-52
-10
34
56
19
-53
-32
-13
22
-33
-12
-7
-54
-28
31
-20
15
-56
-19
66
38
-22
22
-23
-12
37
-1
37
-35
-76
-42
80
1
34
40
-32
-62
9
1
62
3
11
27
6
29
-4
35
-6
16
30
-10
23
27
-169
-81
59
-17
79
82
-115
-8
-6
1
67
-101
-17
17
-6
81
-75
36
0
-13
45
22
-62
3
-36
-14
37
17
-35
-32
11
-22
-39
42
5
45
-5
-31
50
33
-17
-11
-15
-56
19
23
23
-15
-74
-23
68
9
27
25
-7
-83
-41
49
11
18
-23
16
61
39
-18
7
22
-9
6
51
1
33
127
82
-19
123
-106
-48
105
-82
64
-29
-116
82
72
-49
7
-82
127
-37
-18
103
-43
-50
-10
62
25
66
-14
78
-72
-51
39
19
-16
64
-111
-28
-28
-40
14
34
96
-93
-106
-3
56
81
-57
-23
-108
8
-20
13
0
-8
-40
-75
-58
17
-16
31
-49
-6
49
55
30
-23
-22
-59
-3
35
19
-24
35
-45
82
26
-28
60
56
-126
1
-1
40
49
-21
-10
24
13
33
76
23
49
24
13
64
89
-93
-44
-6
-35
-47
-55
-42
-45
-29
11
-53
58
-70
-8
113
5
-30
3
-60
-112
-24
17
58
-37
81
127
-82
73
-12
-72
21
75
45
29
-178
-90
4
-101
34
70
21
-93
-108
-56
-15
69
-104
-66
-24
-1
-23
6
-51
-25
14
-51
-44
15
-24
26
0
-6
54
10
17
20
-23
-52
19
10
43
-24
-68
-43
8
9
-19
-34
-10
-72
-38
24
17
21
-11
-2
47
21
-25
25
-6
-50
-1
10
22
-32
46
-89
63
-10
-68
7
63
-145
-37
-93
6
83
-5
-39
16
-90
63
45
66
102
-3
-68
65
86
-52
49
-50
-21
-86
-54
16
-40
86
90
39
-47
77
-8
-54
32
-55
-24
-10
-108
127
127
-123
-124
21
-20
-8
-54
47
8
-50
-67
27
-21
-54
-9
4
-71
-43
-62
-47
48
1
42
-22
-73
-20
26
-2
-5
30
-39
24
15
-23
-49
17
8
-18
-45
27
-43
3
-31
-18
39
-1
42
12
-47
13
14
24
5
60
3
-49
-85
-24
-63
5
26
-29
-37
44
-40
26
21
-111
20
18
54
66
49
-2
-43
-47
54
-27
18
-35
-82
-45
-14
64
101
39
-72
87
-56
20
38
-52
4
-34
-48
127
113
-135
-123
27
34
34
-28
32
-35
-8
-84
-5
-45
-59
-6
21
-30
-43
-23
-31
41
3
25
-1
-19
-26
30
35
56
19
-51
-34
-87
-30
-102
13
-6
6
-80
16
-80
-10
29
-46
8
15
-19
57
43
-10
-40
71
16
-84
-130
70
72
-38
-136
-55
-6
-112
-39
-28
1
17
-16
52
-43
34
-19
-59
-63
-44
-60
-16
40
53
-82
74
122
-113
-42
60
-66
-95
-50
44
-42
-87
7
-24
-6
-65
-52
15
-39
-19
-49
-10
7
-36
-9
-30
-81
-9
-80
62
21
-10
11
27
-44
-51
28
-50
-42
34
-7
58
40
1
-28
3
16
71
-55
-13
26
-87
-83
4
-50
-81
-103
-20
-19
53
-13
-31
23
32
72
6
-11
-21
-18
19
-20
-6
-22
-28
-44
48
-46
18
-61
-7
10
-67
-29
-114
12
45
-28
-22
3
-32
-11
42
70
-5
11
9
-63
103
102
-95
-32
68
-98
-41
-11
26
-60
-113
-6
-1
2
-200
-140
19
-78
-52
-87
9
5
-11
-55
33
13
-26
-49
17
8
-43
-27
42
-58
17
-46
-74
11
17
20
21
-48
19
-6
-8
7
13
-5
37
-31
-27
-72
-19
-43
-47
-58
-7
-32
-34
-56
-27
14
-23
35
11
-24
19
-4
92
5
8
-126
-32
45
-95
-55
-85
-13
-86
-50
-140
18
55
-13
15
-51
57
71
-83
1
7
96
-25
18
61
-2
-107
13
56
-154
104
40
46
-48
82
-65
-63
46
21
54
-8
4
112
82
-108
-84
-4
-7
-15
3
29
-8
-3
49
29
-48
-44
10
9
-24
-57
-8
2
33
-27
-33
2
-36
21
22
-11
31
13
-13
46
-70
1
15
-9
-31
14
6
27
-9
-70
-37
-27
-3
-17
-6
-23
-34
12
46
-28
-2
61
-39
-32
-17
12
-31
27
-13
41
-22
-12
-2
-58
26
-31
49
23
62
61
29
-18
15
-54
-29
90
15
-132
-1
15
-88
63
57
43
-123
71
-68
-97
33
-65
62
-26
28
97
91
-114
-111
-4
-8
15
-4
4
-72
29
-2
13
-23
12
30
-11
-37
-56
-51
-5
34
-17
-7
1
-46
47
22
1
4
42
19
9
-63
-14
-19
50
0
16
-30
25
-65
-37
-8
15
6
5
-12
-1
35
-4
-15
69
46
-25
-112
18
37
62
-76
13
-113
-91
-17
-18
-26
-37
18
82
-24
-5
19
-44
-96
-3
72
-9
0
3
-100
39
13
-26
8
91
-49
-121
-24
80
-8
-93
6
-45
-8
-48
-64
-25
-77
-60
-19
28
36
-13
33
-16
-10
16
-61
48
50
1
-2
48
4
-52
17
21
4
39
-30
38
-1
-27
-13
-4
-28
74
-76
-24
-56
-57
-27
-28
-91
1
-3
-46
-2
-64
-25
30
6
18
1
30
-38
14
20
75
20
20
-32
12
-88
21
13
3
-20
2
46
-47
17
-15
-6
60
-18
-1
-32
-37
12
30
83
-42
-2
-60
-125
67
87
-111
38
9
-38
-45
-37
67
-41
-64
94
-111
-43
-122
-122
-18
-72
-70
-135
2
-9
-44
8
47
-63
25
-9
18
-44
-37
21
-21
-21
-81
-40
16
28
14
31
-19
-63
43
48
19
-2
31
-7
-7
-68
13
23
45
-48
-36
-3
-12
-34
-15
-61
18
20
-3
-27
23
-23
37
39
36
28
59
-144
-42
-52
-42
-2
-69
-69
-43
8
-166
-5
33
-45
58
11
45
-12
-37
-26
40
65
-26
54
27
-2
-214
-70
47
51
12
80
-31
-84
58
-89
59
95
-38
4
7
-29
10
39
-69
-69
-28
-17
-43
26
31
-82
-13
73
-14
-31
-64
24
0
38
-19
-30
-12
-51
-64
-66
-39
-58
11
14
7
10
-33
23
-9
-86
-2
66
30
-32
-70
27
-15
-2
1
-1
5
-18
-82
-55
7
-34
2
-2
-53
-23
-8
-16
-31
-82
11
47
8
36
-11
32
-16
3
39
2
-31
67
39
-4
-13
0
25
33
-68
34
52
-31
-232
-27
8
125
-20
54
-4
-114
36
-106
75
88
-77
37
14
-18
52
79
-81
-41
-11
6
-16
26
-29
-98
15
48
26
-19
-71
19
14
36
3
-23
16
-6
-54
-28
4
-6
38
-32
1
4
-7
34
-78
-104
-6
18
41
-3
-5
1
28
-48
22
21
-8
1
-45
-59
12
26
31
20
127
30
14
5
45
13
15
-26
64
-93
-76
93
30
5
-21
-50
99
17
38
42
-1
-75
28
65
57
45
-75
11
61
67
36
80
89
-67
-61
-47
77
29
-71
-15
35
-70
-52
-52
-10
-63
-50
16
37
63
-25
4
-75
-48
-5
-2
56
36
-37
38
40
-30
91
-11
35
-7
-10
-51
42
27
-9
-58
-3
-5
4
-27
-5
-114
-6
0
24
-6
31
3
-19
22
-65
-21
15
26
0
-28
10
-36
41
13
-1
35
-71
25
-39
-116
-21
9
-9
-4
-96
61
-40
7
81
-28
20
-77
-83
-54
-41
-19
-2
-67
61
71
-40
-39
70
63
28
46
47
-117
-33
-123
42
-11
-93
38
-41
-107
-136
-82
8
-32
-130
-16
38
40
-34
1
10
-41
25
76
8
-23
-65
33
-6
-12
17
-28
34
-11
-58
-52
-26
-24
11
-15
-18
1
-67
-32
9
-75
-12
71
-22
-6
-60
0
-9
30
10
-32
-31
-60
-35
-95
-6
1
-8
-51
38
-70
12
-101
-59
-35
-58
-55
-44
-40
4
78
-87
79
17
-5
86
50
102
32
-23
-7
70
65
