# (32, 10)
19
-62
-65
28
-84
15
19
-78
21
6
-62
-49
27
23
-71
20
24
-62
20
12
-42
-73
-65
-67
22
31
27
-53
23
26
-41
-55
28
15
-56
-69
-70
28
30
30
-54
-49
-49
42
38
31
36
-48
-42
-66
34
-67
33
-39
-58
-51
-51
39
40
-25
24
-38
32
-57
-50
30
21
-59
19
-67
-25
34
-55
-68
34
-40
31
-63
-53
37
-52
25
32
-59
28
-60
24
28
-64
-73
31
28
-51
-56
30
-61
24
-80
31
-47
-53
37
31
-41
-34
-35
38
-51
39
-75
36
-56
-39
27
-40
29
-54
-37
-71
43
-57
45
-48
-55
-54
48
38
-56
2
-64
-69
-30
32
36
26
-42
34
21
-61
-99
-33
31
30
-56
28
-72
-68
-54
28
33
-59
-34
31
28
26
-69
-64
19
-74
21
15
25
22
17
-80
28
-59
20
-88
-42
-54
36
31
41
-51
-63
-35
-30
38
-70
0
0
0
0
0
0
0
0
0
0
-43
-49
-40
-62
34
-38
-50
41
-48
39
27
-25
21
19
32
20
-60
-69
5
-41
31
29
20
28
-77
-53
-61
22
-36
-61
40
40
-66
-54
-65
-47
38
39
-65
-39
29
-59
-68
-77
32
37
28
5
-67
-35
-60
28
-63
28
18
-53
-64
19
-68
29
-77
22
-75
16
2
21
-75
21
19
6
27
-65
24
-47
23
-70
18
-62
22
24
11
-65
-67
26
-61
20
10
-63
24
26
-75
25
-55
-78
18
40
-67
27
5
17
39
-50
-44
-42
35
-53
-44
43
48
-43
-70
-55
-58
26
-41
30
-57
33
27
18
30
-64
29
-50
-40
-55
24
27
-68
37
